기간	자치구	세대	인구	인구	인구	인구	인구	인구	인구	인구	인구	인구밀도	인구밀도	세대당인구	65세이상고령자
기간	자치구	세대	합계	합계	합계	한국인	한국인	한국인	등록외국인	등록외국인	등록외국인	인구밀도	인구밀도	세대당인구	65세이상고령자
기간	자치구	세대	계	남자	여자	계	남자	여자	계	남자	여자	인구밀도(명/㎢)	면적(㎢)	세대당인구	65세이상고령자
1991	합계	3,330,317	10,904,527	5,485,353	5,419,174	…	…	…	…	…	…	18,014	605.33	3.27	…
1991	종로구	78,169	236,806	119,127	117,679	…	…	…	…	…	…	9,865	24.01	3.03	…
1991	중구	61,495	184,142	93,312	90,830	…	…	…	…	…	…	18,438	9.99	2.99	…
1991	용산구	96,696	294,341	147,914	146,427	…	…	…	…	…	…	13,460	21.87	3.04	…
1991	성동구	244,272	789,014	401,375	387,639	…	…	…	…	…	…	23,273	33.9	3.23	…
1991	동대문구	149,914	479,776	242,828	236,948	…	…	…	…	…	…	32,477	14.77	3.2	…
1991	중랑구	132,908	450,728	227,075	223,653	…	…	…	…	…	…	24,866	18.13	3.39	…
1991	성북구	165,634	542,532	273,509	269,023	…	…	…	…	…	…	22,329	24.3	3.28	…
1991	도봉구	221,001	744,880	373,908	370,972	…	…	…	…	…	…	16,721	44.55	3.37	…
1991	노원구	161,450	525,500	263,000	262,500	…	…	…	…	…	…	14,758	35.61	3.25	…
1991	은평구	147,331	495,530	245,477	250,053	…	…	…	…	…	…	16,699	29.67	3.36	…
1991	서대문구	127,136	392,586	196,281	196,305	…	…	…	…	…	…	22,192	17.69	3.09	…
1991	마포구	140,847	442,271	220,887	221,384	…	…	…	…	…	…	18,526	23.87	3.14	…
1991	양천구	150,598	508,001	255,927	252,074	…	…	…	…	…	…	28,921	17.57	3.37	…
1991	강서구	121,174	408,676	205,712	202,964	…	…	…	…	…	…	9,862	41.44	3.37	…
1991	구로구	228,191	747,623	381,977	365,646	…	…	…	…	…	…	22,795	32.8	3.28	…
1991	영등포구	141,789	462,359	233,772	228,587	…	…	…	…	…	…	18,922	24.44	3.26	…
1991	동작구	133,178	429,173	216,432	212,741	…	…	…	…	…	…	26,206	16.38	3.22	…
1991	관악구	177,430	588,638	298,078	290,560	…	…	…	…	…	…	19,855	29.65	3.32	…
1991	서초구	125,754	420,783	208,731	212,052	…	…	…	…	…	…	8,852	47.53	3.35	…
1991	강남구	150,682	517,218	258,052	259,166	…	…	…	…	…	…	13,271	38.97	3.43	…
1991	송파구	207,969	688,121	342,060	346,061	…	…	…	…	…	…	20,371	33.78	3.31	…
1991	강동구	166,699	555,829	279,919	275,910	…	…	…	…	…	…	22,744	24.44	3.33	…
1992	합계	3,383,169	10,969,862	5,519,096	5,450,766	10,935,230	5,500,001	5,435,229	34,632	19,095	15,537	18,121	605.36	3.24	434,348
1992	종로구	75,752	227,988	114,648	113,340	226,240	113,677	112,563	1,748	971	777	9,496	24.01	3.01	12,096
1992	중구	59,667	176,836	89,537	87,299	174,605	88,268	86,337	2,231	1,269	962	17,701	9.99	2.96	8,857
1992	용산구	96,832	287,124	144,600	142,524	280,671	140,424	140,247	6,453	4,176	2,277	13,135	21.86	2.97	13,957
1992	성동구	244,888	780,526	397,121	383,405	778,385	395,977	382,408	2,141	1,144	997	22,991	33.95	3.19	28,493
1992	동대문구	149,094	470,594	238,385	232,209	469,843	237,979	231,864	751	406	345	31,862	14.77	3.16	19,142
1992	중랑구	136,876	458,391	230,937	227,454	458,109	230,799	227,310	282	138	144	25,284	18.13	3.35	15,849
1992	성북구	163,995	527,296	266,530	260,766	525,943	265,830	260,113	1,353	700	653	21,699	24.3	3.22	23,020
1992	도봉구	229,923	766,799	385,385	381,414	765,975	385,011	380,964	824	374	450	17,212	44.55	3.34	29,689
1992	노원구	174,005	571,833	284,049	287,784	571,171	283,705	287,466	662	344	318	16,049	35.63	3.29	24,345
1992	은평구	153,700	507,551	251,514	256,037	506,694	251,084	255,610	857	430	427	17,107	29.67	3.3	20,672
1992	서대문구	122,844	390,140	195,000	195,140	387,201	193,554	193,647	2,939	1,446	1,493	22,054	17.69	3.18	17,175
1992	마포구	139,628	432,453	216,103	216,350	430,650	215,127	215,523	1,803	976	827	18,125	23.86	3.1	19,178
1992	양천구	150,749	508,096	255,938	252,158	507,141	255,440	251,701	955	498	457	28,918	17.57	3.37	18,625
1992	강서구	132,114	437,932	219,591	218,341	437,330	219,251	218,079	602	340	262	10,573	41.42	3.31	16,907
1992	구로구	229,614	738,914	378,569	360,345	738,140	378,127	360,013	774	442	332	22,528	32.8	3.22	23,553
1992	영등포구	141,916	453,256	229,476	223,780	452,091	228,869	223,222	1,165	607	558	18,546	24.44	3.19	16,577
1992	동작구	134,670	427,486	215,826	211,660	426,725	215,421	211,304	761	405	356	26,114	16.37	3.17	17,142
1992	관악구	181,386	589,655	299,359	290,296	589,171	299,093	290,078	484	266	218	19,887	29.65	3.25	20,460
1992	서초구	126,592	419,765	208,470	211,295	417,177	207,084	210,093	2,588	1,386	1,202	8,865	47.35	3.32	17,488
1992	강남구	165,325	559,068	278,053	281,015	556,120	276,432	279,688	2,948	1,621	1,327	14,280	39.15	3.38	23,984
1992	송파구	208,638	689,419	343,176	346,243	687,788	342,352	345,436	1,631	824	807	20,409	33.78	3.3	26,144
1992	강동구	164,961	548,740	276,829	271,911	548,060	276,497	271,563	680	332	348	22,453	24.44	3.33	20,995
1993	합계	3,430,528	10,925,464	5,496,638	5,428,826	10,889,499	5,477,845	5,411,654	35,965	18,793	17,172	18,047	605.4	3.18	444,277
1993	종로구	74,952	222,423	111,786	110,637	221,049	111,055	109,994	1,374	731	643	9,264	24.01	2.97	12,441
1993	중구	57,566	167,383	84,721	82,662	165,129	83,428	81,701	2,254	1,293	961	16,755	9.99	2.91	8,909
1993	용산구	94,248	276,439	138,562	137,877	271,379	135,727	135,652	5,060	2,835	2,225	12,646	21.86	2.93	14,392
1993	성동구	245,399	767,976	390,698	377,278	765,944	389,602	376,342	2,032	1,096	936	22,627	33.94	3.13	28,993
1993	동대문구	148,308	459,000	232,465	226,535	458,149	232,036	226,113	851	429	422	31,076	14.77	3.09	19,346
1993	중랑구	140,153	460,157	232,055	228,102	459,818	231,890	227,928	339	165	174	25,381	18.13	3.28	16,205
1993	성북구	163,286	514,240	260,126	254,114	512,787	259,388	253,399	1,453	738	715	21,162	24.29	3.15	23,506
1993	도봉구	238,014	780,472	392,106	388,366	779,610	391,700	387,910	862	406	456	17,519	44.55	3.28	30,874
1993	노원구	180,152	588,188	292,198	295,990	587,399	291,794	295,605	789	404	385	16,522	35.6	3.26	25,492
1993	은평구	157,781	512,196	253,810	258,386	511,461	253,436	258,025	735	374	361	17,257	29.68	3.25	21,266
1993	서대문구	123,155	381,905	190,864	191,041	378,574	189,130	189,444	3,331	1,734	1,597	21,589	17.69	3.1	17,428
1993	마포구	138,755	422,406	211,254	211,152	420,573	210,284	210,289	1,833	970	863	17,704	23.86	3.04	19,474
1993	양천구	150,976	499,848	252,251	247,597	498,727	251,684	247,043	1,121	567	554	28,449	17.57	3.31	18,572
1993	강서구	144,770	474,434	237,793	236,641	473,643	237,427	236,216	791	366	425	11,454	41.42	3.28	18,774
1993	구로구	229,870	724,230	371,238	352,992	722,928	370,702	352,226	1,302	536	766	22,080	32.8	3.15	23,671
1993	영등포구	143,124	445,221	225,568	219,653	443,919	224,892	219,027	1,302	676	626	18,217	24.44	3.11	16,722
1993	동작구	141,571	440,361	222,150	218,211	439,453	221,649	217,804	908	501	407	26,900	16.37	3.11	18,126
1993	관악구	186,324	590,442	299,756	290,686	589,811	299,462	290,349	631	294	337	19,914	29.65	3.17	20,861
1993	서초구	127,335	410,719	203,981	206,738	407,993	202,552	205,441	2,726	1,429	1,297	8,680	47.32	3.23	17,383
1993	강남구	170,433	566,379	281,304	285,075	562,792	279,362	283,430	3,587	1,942	1,645	14,426	39.26	3.32	24,757
1993	송파구	210,844	685,260	341,403	343,857	683,439	340,497	342,942	1,821	906	915	20,310	33.74	3.25	26,266
1993	강동구	163,512	535,785	270,549	265,236	534,922	270,148	264,774	863	401	462	21,905	24.46	3.28	20,819
1994	합계	3,455,665	10,798,700	5,429,554	5,369,146	10,759,454	5,408,827	5,350,628	39,246	20,727	18,519	17,836	605.43	3.12	453,369
1994	종로구	73,798	214,930	107,877	107,053	213,187	106,942	106,245	1,743	935	808	8,989	23.92	2.91	12,712
1994	중구	55,032	156,302	79,110	77,192	153,901	77,690	76,211	2,401	1,420	981	15,677	9.97	2.84	8,913
1994	용산구	94,534	268,689	134,290	134,399	264,188	131,830	132,358	4,501	2,460	2,041	12,286	21.87	2.84	14,860
1994	성동구	244,808	753,072	382,753	370,319	750,814	381,520	369,294	2,258	1,233	1,025	22,221	33.89	3.08	29,570
1994	동대문구	146,186	443,027	224,533	218,494	442,068	224,075	217,993	959	458	501	31,199	14.2	3.03	19,615
1994	중랑구	141,855	457,749	230,709	227,040	457,347	230,522	226,825	402	187	215	24,716	18.52	3.23	16,539
1994	성북구	162,700	503,536	254,520	249,016	501,967	253,727	248,240	1,569	793	776	20,511	24.55	3.09	23,926
1994	도봉구	240,545	775,394	389,155	386,239	774,414	388,690	385,724	980	465	515	17,432	44.48	3.22	31,989
1994	노원구	182,015	589,582	292,659	296,923	588,757	292,232	296,525	825	427	398	16,613	35.49	3.24	25,895
1994	은평구	161,212	511,788	253,362	258,426	510,944	252,938	258,006	844	424	420	17,261	29.65	3.17	21,674
1994	서대문구	123,325	374,662	187,350	187,312	371,090	185,433	185,657	3,572	1,917	1,655	21,288	17.6	3.04	17,825
1994	마포구	138,685	412,484	206,014	206,470	410,571	204,998	205,573	1,913	1,016	897	17,280	23.87	2.97	19,781
1994	양천구	151,076	492,449	248,530	243,919	491,279	247,922	243,357	1,170	608	562	28,302	17.4	3.26	18,702
1994	강서구	157,418	508,345	254,121	254,224	507,409	253,636	253,773	936	485	451	12,276	41.41	3.23	20,872
1994	구로구	225,738	698,274	358,478	339,796	696,060	357,409	338,651	2,214	1,069	1,145	21,211	32.92	3.09	23,588
1994	영등포구	142,594	433,512	219,952	213,560	432,060	219,124	212,936	1,452	828	624	17,651	24.56	3.04	16,985
1994	동작구	144,123	440,651	222,206	218,445	439,699	221,713	217,986	952	493	459	26,951	16.35	3.06	18,867
1994	관악구	186,689	578,658	293,796	284,862	577,977	293,459	284,519	681	337	344	19,569	29.57	3.1	21,075
1994	서초구	131,546	412,315	204,524	207,791	409,161	202,848	206,313	3,154	1,676	1,478	8,735	47.2	3.13	17,742
1994	강남구	177,641	572,311	283,965	288,346	568,498	281,909	286,589	3,813	2,056	1,757	14,471	39.55	3.22	25,087
1994	송파구	212,950	680,067	338,608	341,459	678,019	337,556	340,463	2,048	1,052	996	20,067	33.89	3.19	26,471
1994	강동구	161,195	520,903	263,042	257,861	520,044	262,654	257,390	859	388	471	21,192	24.58	3.23	20,681
1995	합계	3,448,124	10,595,943	5,326,022	5,269,921	10,550,871	5,302,277	5,248,594	45,072	23,745	21,327	17,491	605.78	3.07	458,918
1995	종로구	72,488	204,733	102,852	101,881	203,086	101,960	101,126	1,647	892	755	8,559	23.92	2.82	12,624
1995	중구	53,096	145,646	73,608	72,038	143,138	72,132	71,006	2,508	1,476	1,032	14,608	9.97	2.74	8,847
1995	용산구	93,163	260,993	130,403	130,590	254,579	126,809	127,770	6,414	3,594	2,820	11,934	21.87	2.8	15,125
1995	성동구	113,262	342,648	174,128	168,520	341,582	173,541	168,041	1,066	587	479	20,347	16.84	3.03	15,036
1995	광진구	129,613	391,148	198,273	192,875	389,920	197,652	192,268	1,228	621	607	22,941	17.05	3.02	14,859
1995	동대문구	141,352	420,069	212,978	207,091	418,985	212,458	206,527	1,084	520	564	29,582	14.02	2.97	19,398
1995	중랑구	142,869	454,951	229,048	225,903	454,534	228,850	225,684	417	198	219	24,565	18.52	3.18	17,130
1995	성북구	163,304	497,614	251,559	246,055	495,737	250,603	245,134	1,877	956	921	20,269	24.55	3.05	24,537
1995	강북구	124,571	395,078	197,924	197,154	394,548	197,679	196,869	530	245	285	16,734	23.61	3.17	16,992
1995	도봉구	117,150	374,271	188,030	186,241	373,630	187,722	185,908	641	308	333	17,942	20.86	3.19	15,637
1995	노원구	185,912	599,462	297,320	302,142	598,529	296,838	301,691	933	482	451	16,891	35.49	3.22	26,969
1995	은평구	161,512	503,272	249,383	253,889	502,310	248,884	253,426	962	499	463	16,939	29.71	3.12	22,036
1995	서대문구	125,996	371,449	185,556	185,893	367,318	183,348	183,970	4,131	2,208	1,923	21,105	17.6	2.95	18,413
1995	마포구	136,891	400,409	199,823	200,586	398,228	198,665	199,563	2,181	1,158	1,023	16,775	23.87	2.93	19,973
1995	양천구	150,868	487,130	245,734	241,396	485,777	245,022	240,755	1,353	712	641	27,996	17.4	3.23	19,038
1995	강서구	165,058	523,606	261,503	262,103	522,409	260,888	261,521	1,197	615	582	12,644	41.41	3.17	22,066
1995	구로구	124,797	383,224	196,935	186,289	382,207	196,439	185,768	1,017	496	521	19,019	20.15	3.07	13,884
1995	금천구	94,341	284,609	146,001	138,608	283,089	145,344	137,745	1,520	657	863	21,759	13.08	3.02	9,616
1995	영등포구	140,305	417,914	211,982	205,932	416,050	210,924	205,126	1,864	1,058	806	17,016	24.56	2.98	17,176
1995	동작구	145,265	436,684	220,287	216,397	435,601	219,727	215,874	1,083	560	523	26,709	16.35	3.01	19,276
1995	관악구	183,849	558,462	283,658	274,804	557,653	283,279	274,374	809	379	430	18,886	29.57	3.04	20,959
1995	서초구	131,800	407,887	202,273	205,614	404,918	200,714	204,204	2,969	1,559	1,410	8,644	47.19	3.09	17,947
1995	강남구	179,387	559,032	277,480	281,552	554,573	275,106	279,467	4,459	2,374	2,085	14,135	39.55	3.12	24,483
1995	송파구	212,400	669,042	333,328	335,714	666,806	332,168	334,638	2,236	1,160	1,076	19,742	33.89	3.15	26,466
1995	강동구	158,875	506,610	255,956	250,654	505,664	255,525	250,139	946	431	515	20,611	24.58	3.19	20,431
1996	합계	3,456,575	10,469,852	5,258,247	5,211,605	10,418,076	5,231,039	5,187,037	51,776	27,208	24,568	17,289	605.58	3.03	467,766
1996	종로구	72,027	199,475	100,075	99,400	197,563	99,067	98,496	1,912	1,008	904	8,339	23.92	2.77	12,876
1996	중구	50,141	134,839	68,090	66,749	132,189	66,538	65,651	2,650	1,552	1,098	13,524	9.97	2.69	8,610
1996	용산구	92,705	255,024	127,321	127,703	247,694	123,294	124,400	7,330	4,027	3,303	11,661	21.87	2.75	15,400
1996	성동구	110,970	331,206	168,073	163,133	329,914	167,374	162,540	1,292	699	593	19,668	16.84	2.98	15,102
1996	광진구	132,324	392,217	198,786	193,431	390,739	198,026	192,713	1,478	760	718	23,004	17.05	2.96	15,327
1996	동대문구	136,771	399,280	202,162	197,118	398,060	201,576	196,484	1,220	586	634	28,079	14.22	2.92	19,389
1996	중랑구	152,349	478,390	240,512	237,878	477,850	240,260	237,590	540	252	288	25,817	18.53	3.14	18,694
1996	성북구	162,195	487,404	245,926	241,478	485,240	244,847	240,393	2,164	1,079	1,085	19,854	24.55	3.01	24,843
1996	강북구	121,348	379,695	189,901	189,794	379,062	189,612	189,450	633	289	344	16,102	23.58	3.13	17,066
1996	도봉구	119,881	382,424	191,956	190,468	381,465	191,531	189,934	959	425	534	18,350	20.84	3.19	16,304
1996	노원구	182,025	586,997	290,909	296,088	585,907	290,354	295,553	1,090	555	535	16,554	35.46	3.22	27,357
1996	은평구	162,474	498,532	247,166	251,366	497,417	246,605	250,812	1,115	561	554	16,780	29.71	3.07	22,668
1996	서대문구	127,125	366,134	182,525	183,609	361,529	180,104	181,425	4,605	2,421	2,184	20,803	17.6	2.88	18,804
1996	마포구	137,591	393,040	195,689	197,351	390,831	194,525	196,306	2,209	1,164	1,045	16,466	23.87	2.86	20,338
1996	양천구	151,955	486,839	245,520	241,319	485,497	244,806	240,691	1,342	714	628	27,963	17.41	3.2	19,569
1996	강서구	167,739	524,006	261,657	262,349	522,640	260,946	261,694	1,366	711	655	12,657	41.4	3.12	22,690
1996	구로구	124,734	378,676	194,452	184,224	377,391	193,816	183,575	1,285	636	649	18,821	20.12	3.04	14,318
1996	금천구	92,406	273,867	140,227	133,640	271,718	139,214	132,504	2,149	1,013	1,136	21,067	13	2.96	9,674
1996	영등포구	138,663	408,087	206,994	201,093	405,326	205,383	199,943	2,761	1,611	1,150	16,616	24.56	2.94	17,634
1996	동작구	145,735	434,873	219,096	215,777	433,608	218,457	215,151	1,265	639	626	26,598	16.35	2.98	19,843
1996	관악구	181,947	543,314	275,959	267,355	542,325	275,499	266,826	989	460	529	18,374	29.57	2.99	21,093
1996	서초구	135,209	408,781	202,861	205,920	405,743	201,220	204,523	3,038	1,641	1,397	8,672	47.14	3.02	18,113
1996	강남구	184,039	557,533	276,434	281,099	552,768	273,817	278,951	4,765	2,617	2,148	14,097	39.55	3.03	24,518
1996	송파구	216,205	671,560	334,513	337,047	668,987	333,209	335,778	2,573	1,304	1,269	19,816	33.89	3.11	27,007
1996	강동구	158,017	497,659	251,443	246,216	496,613	250,959	245,654	1,046	484	562	20,247	24.58	3.15	20,529
1997	합계	3,498,506	10,389,057	5,214,266	5,174,791	10,336,134	5,186,530	5,149,604	52,923	27,736	25,187	17,157	605.52	2.97	485,347
1997	종로구	72,919	196,611	98,650	97,961	194,696	97,646	97,050	1,915	1,004	911	8,220	23.92	2.7	13,285
1997	중구	49,516	129,680	65,501	64,179	126,892	63,926	62,966	2,788	1,575	1,213	13,007	9.97	2.62	8,870
1997	용산구	91,201	245,683	122,648	123,035	238,304	118,601	119,703	7,379	4,047	3,332	11,234	21.87	2.69	15,767
1997	성동구	111,887	326,026	165,350	160,676	324,615	164,551	160,064	1,411	799	612	19,360	16.84	2.91	15,756
1997	광진구	136,909	397,824	200,858	196,966	396,580	200,256	196,324	1,244	602	642	23,333	17.05	2.91	16,030
1997	동대문구	136,360	389,281	197,181	192,100	388,172	196,642	191,530	1,109	539	570	27,376	14.22	2.85	20,156
1997	중랑구	154,699	475,662	239,097	236,565	475,089	238,830	236,259	573	267	306	25,698	18.51	3.07	19,512
1997	성북구	162,586	478,812	241,471	237,341	476,502	240,325	236,177	2,310	1,146	1,164	19,504	24.55	2.94	25,661
1997	강북구	119,941	368,412	183,966	184,446	367,787	183,687	184,100	625	279	346	15,624	23.58	3.07	17,493
1997	도봉구	123,055	388,620	194,957	193,663	387,808	194,627	193,181	812	330	482	18,657	20.83	3.16	17,372
1997	노원구	183,891	587,428	290,756	296,672	586,284	290,171	296,113	1,144	585	559	16,566	35.46	3.19	28,688
1997	은평구	163,671	491,677	243,817	247,860	490,500	243,235	247,265	1,177	582	595	16,555	29.7	3	23,607
1997	서대문구	125,092	358,995	178,743	180,252	354,084	176,171	177,913	4,911	2,572	2,339	20,397	17.6	2.87	19,609
1997	마포구	140,517	391,116	194,495	196,621	388,736	193,239	195,497	2,380	1,256	1,124	16,385	23.87	2.78	21,263
1997	양천구	153,792	485,914	245,073	240,841	484,538	244,360	240,178	1,376	713	663	27,926	17.4	3.16	20,381
1997	강서구	169,412	519,554	259,169	260,385	518,067	258,356	259,711	1,487	813	674	12,550	41.4	3.07	23,383
1997	구로구	126,507	377,660	193,475	184,185	376,436	192,877	183,559	1,224	598	626	18,780	20.11	2.99	14,943
1997	금천구	93,448	272,740	139,616	133,124	270,764	138,710	132,054	1,976	906	1,070	20,964	13.01	2.92	10,082
1997	영등포구	142,076	406,841	206,366	200,475	404,017	204,710	199,307	2,824	1,656	1,168	16,558	24.57	2.86	18,460
1997	동작구	147,954	432,300	218,004	214,296	430,950	217,308	213,642	1,350	696	654	26,440	16.35	2.92	20,731
1997	관악구	182,821	534,620	271,830	262,790	533,577	271,337	262,240	1,043	493	550	18,086	29.56	2.92	21,748
1997	서초구	137,679	407,122	201,900	205,222	403,506	199,983	203,523	3,616	1,917	1,699	8,638	47.13	2.96	18,397
1997	강남구	190,255	555,355	274,650	280,705	550,803	272,129	278,674	4,552	2,521	2,031	14,042	39.55	2.92	25,012
1997	송파구	222,544	677,214	337,369	339,845	674,577	336,001	338,576	2,637	1,368	1,269	19,983	33.89	3.04	28,128
1997	강동구	159,774	493,910	249,324	244,586	492,850	248,852	243,998	1,060	472	588	20,094	24.58	3.09	21,013
1998	합계	3,458,511	10,321,496	5,173,556	5,147,940	10,270,506	5,146,825	5,123,681	50,990	26,731	24,259	17,046	605.52	2.98	505,438
1998	종로구	69,668	190,619	95,645	94,974	188,732	94,646	94,086	1,887	999	888	7,972	23.91	2.74	13,464
1998	중구	46,072	125,050	63,028	62,022	122,500	61,557	60,943	2,550	1,471	1,079	12,543	9.97	2.71	9,101
1998	용산구	88,418	246,613	122,746	123,867	239,282	118,709	120,573	7,331	4,037	3,294	11,276	21.87	2.79	16,584
1998	성동구	110,157	323,230	163,630	159,600	321,945	162,866	159,079	1,285	764	521	19,194	16.84	2.93	16,448
1998	광진구	136,557	397,325	200,123	197,202	395,921	199,432	196,489	1,404	691	713	23,304	17.05	2.91	16,738
1998	동대문구	132,854	378,953	192,035	186,918	377,724	191,437	186,287	1,229	598	631	26,668	14.21	2.85	20,882
1998	중랑구	152,846	467,538	234,830	232,708	467,001	234,583	232,418	537	247	290	25,259	18.51	3.06	20,344
1998	성북구	162,931	481,101	242,069	239,032	478,830	240,933	237,897	2,271	1,136	1,135	19,597	24.55	2.95	27,185
1998	강북구	117,701	361,424	180,463	180,961	360,814	180,184	180,630	610	279	331	15,308	23.61	3.07	18,185
1998	도봉구	119,744	381,602	191,276	190,326	380,844	190,969	189,875	758	307	451	18,329	20.82	3.19	18,005
1998	노원구	186,639	595,891	295,026	300,865	594,851	294,485	300,366	1,040	541	499	16,809	35.45	3.19	30,227
1998	은평구	159,865	480,974	238,713	242,261	479,841	238,157	241,684	1,133	556	577	16,184	29.72	3.01	24,667
1998	서대문구	126,787	366,726	182,269	184,457	361,733	179,690	182,043	4,993	2,579	2,414	20,837	17.6	2.89	20,905
1998	마포구	137,955	386,880	192,069	194,811	384,550	190,861	193,689	2,330	1,208	1,122	16,208	23.87	2.8	22,080
1998	양천구	152,339	484,907	244,244	240,663	483,674	243,631	240,043	1,233	613	620	27,852	17.41	3.18	21,131
1998	강서구	168,867	517,881	257,979	259,902	516,590	257,304	259,286	1,291	675	616	12,512	41.39	3.07	24,492
1998	구로구	127,187	381,794	195,131	186,663	380,623	194,526	186,097	1,171	605	566	18,985	20.11	3	15,797
1998	금천구	91,842	273,712	140,008	133,704	272,276	139,298	132,978	1,436	710	726	21,055	13	2.98	10,779
1998	영등포구	139,414	406,019	205,372	200,647	403,380	203,862	199,518	2,639	1,510	1,129	16,532	24.56	2.91	19,464
1998	동작구	145,440	425,942	214,410	211,532	424,636	213,756	210,880	1,306	654	652	26,051	16.35	2.93	21,716
1998	관악구	181,105	526,742	267,808	258,934	525,729	267,308	258,421	1,013	500	513	17,819	29.56	2.91	22,637
1998	서초구	137,470	404,765	200,242	204,523	401,179	198,363	202,816	3,586	1,879	1,707	8,586	47.14	2.94	18,884
1998	강남구	188,690	554,858	273,673	281,185	550,387	271,238	279,149	4,471	2,435	2,036	14,029	39.55	2.94	25,429
1998	송파구	220,138	671,406	334,022	337,384	668,879	332,700	336,179	2,527	1,322	1,205	19,811	33.89	3.05	28,905
1998	강동구	157,825	489,544	246,745	242,799	488,585	246,330	242,255	959	415	544	19,916	24.58	3.1	21,389
1999	합계	3,490,616	10,321,449	5,170,662	5,150,787	10,264,260	5,141,141	5,123,119	57,189	29,521	27,668	17,046	605.52	2.94	530,190
1999	종로구	69,581	188,865	94,763	94,102	186,590	93,539	93,051	2,275	1,224	1,051	7,899	23.91	2.68	13,988
1999	중구	47,969	129,061	64,853	64,208	126,254	63,217	63,037	2,807	1,636	1,171	12,945	9.97	2.63	9,666
1999	용산구	88,684	245,716	122,288	123,428	237,489	117,775	119,714	8,227	4,513	3,714	11,235	21.87	2.68	17,267
1999	성동구	117,701	340,704	172,208	168,496	339,175	171,322	167,853	1,529	886	643	20,232	16.84	2.88	18,142
1999	광진구	136,023	391,705	197,014	194,691	390,061	196,237	193,824	1,644	777	867	22,974	17.05	2.87	17,236
1999	동대문구	130,678	368,368	186,801	181,567	367,025	186,167	180,858	1,343	634	709	25,923	14.21	2.81	21,711
1999	중랑구	152,485	462,434	232,430	230,004	461,737	232,135	229,602	697	295	402	24,983	18.51	3.03	21,227
1999	성북구	162,442	475,466	239,028	236,438	472,929	237,767	235,162	2,537	1,261	1,276	19,367	24.55	2.91	28,302
1999	강북구	116,512	352,851	176,210	176,641	352,142	175,918	176,224	709	292	417	14,945	23.61	3.02	19,163
1999	도봉구	119,418	376,133	188,468	187,665	375,275	188,130	187,145	858	338	520	18,066	20.82	3.14	18,735
1999	노원구	195,469	618,771	306,562	312,209	617,500	305,940	311,560	1,271	622	649	17,455	35.45	3.16	32,524
1999	은평구	158,681	473,716	235,465	238,251	472,464	234,867	237,597	1,252	598	654	15,939	29.72	2.98	25,967
1999	서대문구	129,403	371,240	184,227	187,013	365,783	181,484	184,299	5,457	2,743	2,714	21,093	17.6	2.83	22,304
1999	마포구	140,081	387,701	192,266	195,435	385,114	190,912	194,202	2,587	1,354	1,233	16,242	23.87	2.75	23,017
1999	양천구	152,133	481,622	242,592	239,030	480,313	241,943	238,370	1,309	649	660	27,664	17.41	3.16	21,811
1999	강서구	171,724	521,284	259,385	261,899	519,786	258,623	261,163	1,498	762	736	12,594	41.39	3.03	25,811
1999	구로구	132,543	396,644	202,103	194,541	395,294	201,438	193,856	1,350	665	685	19,724	20.11	2.98	17,243
1999	금천구	91,493	270,458	138,340	132,118	268,629	137,454	131,175	1,829	886	943	20,804	13	2.94	11,299
1999	영등포구	141,023	407,176	206,215	200,961	404,306	204,616	199,690	2,870	1,599	1,271	16,579	24.56	2.87	20,686
1999	동작구	143,849	420,564	211,425	209,139	419,161	210,761	208,400	1,403	664	739	25,723	16.35	2.91	22,801
1999	관악구	181,196	518,774	263,927	254,847	517,552	263,353	254,199	1,222	574	648	17,550	29.56	2.86	23,496
1999	서초구	138,329	404,961	199,979	204,982	400,950	197,873	203,077	4,011	2,106	1,905	8,591	47.14	2.9	19,546
1999	강남구	192,164	557,257	274,013	283,244	552,293	271,269	281,024	4,964	2,744	2,220	14,090	39.55	2.87	26,431
1999	송파구	221,483	668,421	332,246	336,175	665,918	330,971	334,947	2,503	1,275	1,228	19,723	33.89	3.01	29,611
1999	강동구	159,552	491,557	247,854	243,703	490,520	247,430	243,090	1,037	424	613	19,998	24.58	3.07	22,206
2000	합계	3,540,492	10,373,234	5,198,186	5,175,048	10,311,314	5,166,605	5,144,709	61,920	31,581	30,339	17,132	605.5	2.91	558,566
2000	종로구	69,935	188,946	94,923	94,023	186,378	93,549	92,829	2,568	1,374	1,194	7,902	23.91	2.67	14,489
2000	중구	53,964	144,074	72,353	71,721	141,010	70,538	70,472	3,064	1,815	1,249	14,465	9.96	2.61	10,624
2000	용산구	90,547	248,794	123,677	125,117	240,087	118,935	121,152	8,707	4,742	3,965	11,376	21.87	2.65	18,103
2000	성동구	119,842	342,508	173,244	169,264	340,790	172,246	168,544	1,718	998	720	20,339	16.84	2.84	19,155
2000	광진구	137,934	393,055	197,922	195,133	391,309	197,061	194,248	1,746	861	885	23,053	17.05	2.84	18,061
2000	동대문구	136,644	382,122	193,672	188,450	380,444	192,896	187,548	1,678	776	902	26,872	14.22	2.78	23,491
2000	중랑구	153,386	459,255	231,171	228,084	458,440	230,852	227,588	815	319	496	24,811	18.51	2.99	22,469
2000	성북구	159,916	463,488	233,027	230,461	460,862	231,749	229,113	2,626	1,278	1,348	18,864	24.57	2.88	29,470
2000	강북구	117,886	352,772	176,167	176,605	351,995	175,860	176,135	777	307	470	14,942	23.61	2.99	20,564
2000	도봉구	118,807	371,932	186,372	185,560	370,976	186,009	184,967	956	363	593	17,873	20.81	3.12	19,673
2000	노원구	201,204	634,068	314,064	320,004	632,634	313,369	319,265	1,434	695	739	17,901	35.42	3.14	34,789
2000	은평구	158,856	470,747	234,001	236,746	469,417	233,400	236,017	1,330	601	729	15,839	29.72	2.95	27,282
2000	서대문구	131,473	373,105	185,049	188,056	367,380	182,202	185,178	5,725	2,847	2,878	21,199	17.6	2.79	23,621
2000	마포구	141,862	390,101	193,446	196,655	387,308	192,008	195,300	2,793	1,438	1,355	16,336	23.88	2.73	24,137
2000	양천구	155,521	488,282	246,010	242,272	486,781	245,288	241,493	1,501	722	779	28,062	17.4	3.13	23,155
2000	강서구	173,789	522,962	260,121	262,841	521,231	259,235	261,996	1,731	886	845	12,635	41.39	3	26,882
2000	구로구	135,896	404,786	206,330	198,456	403,097	205,510	197,587	1,689	820	869	20,129	20.11	2.97	18,728
2000	금천구	91,827	268,768	137,672	131,096	266,431	136,559	129,872	2,337	1,113	1,224	20,674	13	2.9	12,020
2000	영등포구	143,085	409,399	207,962	201,437	406,510	206,354	200,156	2,889	1,608	1,281	16,663	24.57	2.84	21,765
2000	동작구	144,888	417,396	209,958	207,438	415,892	209,248	206,644	1,504	710	794	25,529	16.35	2.87	24,057
2000	관악구	186,734	525,926	267,989	257,937	524,404	267,272	257,132	1,522	717	805	17,786	29.57	2.81	25,208
2000	서초구	137,997	401,858	198,026	203,832	397,869	195,942	201,927	3,989	2,084	1,905	8,525	47.14	2.88	20,130
2000	강남구	193,101	555,493	273,122	282,371	550,343	270,296	280,047	5,150	2,826	2,324	14,045	39.55	2.85	26,987
2000	송파구	222,053	665,644	330,881	334,763	663,177	329,686	333,491	2,467	1,195	1,272	19,653	33.87	2.99	30,709
2000	강동구	163,345	497,753	251,027	246,726	496,549	250,541	246,008	1,204	486	718	20,250	24.58	3.04	22,997
2001	합계	3,570,228	10,331,244	5,175,786	5,155,458	10,263,336	5,141,741	5,121,595	67,908	34,045	33,863	17,062	605.52	2.87	585,897
2001	종로구	70,085	187,038	94,120	92,918	184,225	92,657	91,568	2,813	1,463	1,350	7,823	23.91	2.63	15,087
2001	중구	55,409	146,335	73,524	72,811	143,016	71,577	71,439	3,319	1,947	1,372	14,692	9.96	2.58	11,190
2001	용산구	92,239	250,550	124,586	125,964	241,033	119,405	121,628	9,517	5,181	4,336	11,456	21.87	2.61	19,142
2001	성동구	121,565	343,471	173,713	169,758	341,375	172,553	168,822	2,096	1,160	936	20,396	16.84	2.81	20,345
2001	광진구	139,190	390,090	196,416	193,674	388,109	195,484	192,625	1,981	932	1,049	22,879	17.05	2.79	18,755
2001	동대문구	138,849	383,822	194,451	189,371	381,799	193,588	188,211	2,023	863	1,160	27,011	14.21	2.75	25,083
2001	중랑구	152,708	449,965	226,046	223,919	448,928	225,653	223,275	1,037	393	644	24,322	18.5	2.94	23,493
2001	성북구	158,642	453,517	228,040	225,477	450,602	226,644	223,958	2,915	1,396	1,519	18,458	24.57	2.84	30,674
2001	강북구	119,814	352,317	175,958	176,359	351,404	175,613	175,791	913	345	568	14,929	23.6	2.93	21,892
2001	도봉구	119,856	372,318	186,441	185,877	371,259	186,049	185,210	1,059	392	667	17,900	20.8	3.1	20,869
2001	노원구	207,842	648,615	321,219	327,396	646,905	320,404	326,501	1,710	815	895	18,286	35.47	3.11	37,166
2001	은평구	160,274	469,242	233,493	235,749	467,719	232,828	234,891	1,523	665	858	15,789	29.72	2.92	28,984
2001	서대문구	132,044	371,316	183,959	187,357	366,228	181,514	184,714	5,088	2,445	2,643	21,098	17.6	2.77	25,052
2001	마포구	140,799	382,195	189,506	192,689	379,141	187,922	191,219	3,054	1,584	1,470	16,012	23.87	2.69	24,959
2001	양천구	156,180	486,095	244,793	241,302	484,345	243,971	240,374	1,750	822	928	27,936	17.4	3.1	24,076
2001	강서구	175,849	523,542	260,181	263,361	521,489	259,108	262,381	2,053	1,073	980	12,649	41.39	2.97	27,910
2001	구로구	140,533	417,453	212,616	204,837	415,330	211,580	203,750	2,123	1,036	1,087	20,758	20.11	2.96	20,562
2001	금천구	91,035	263,061	134,788	128,273	260,476	133,523	126,953	2,585	1,265	1,320	20,235	13	2.86	12,613
2001	영등포구	145,093	409,920	208,380	201,540	406,860	206,761	200,099	3,060	1,619	1,441	16,684	24.57	2.8	23,222
2001	동작구	143,095	407,793	204,604	203,189	406,116	203,840	202,276	1,677	764	913	24,941	16.35	2.84	24,976
2001	관악구	192,531	529,741	270,515	259,226	527,764	269,604	258,160	1,977	911	1,066	17,915	29.57	2.74	26,697
2001	서초구	138,387	397,983	195,954	202,029	393,849	193,795	200,054	4,134	2,159	1,975	8,443	47.14	2.85	20,609
2001	강남구	192,505	546,038	267,550	278,488	540,640	264,593	276,047	5,398	2,957	2,441	13,806	39.55	2.81	27,193
2001	송파구	222,337	658,242	327,198	331,044	655,483	325,867	329,616	2,759	1,331	1,428	19,423	33.89	2.95	31,777
2001	강동구	163,367	490,585	247,735	242,850	489,241	247,208	242,033	1,344	527	817	19,959	24.58	2.99	23,571
2002	합계	3,623,929	10,280,523	5,144,833	5,135,690	10,207,295	5,108,964	5,098,331	73,228	35,869	37,359	16,978	605.52	2.82	612,783
2002	종로구	70,113	184,224	92,681	91,543	181,231	91,151	90,080	2,993	1,530	1,463	7,705	23.91	2.58	15,359
2002	중구	54,521	141,603	71,109	70,494	138,134	69,116	69,018	3,469	1,993	1,476	14,217	9.96	2.53	11,491
2002	용산구	91,735	245,218	121,976	123,242	234,653	116,242	118,411	10,565	5,734	4,831	11,213	21.87	2.56	19,845
2002	성동구	123,394	343,018	173,092	169,926	340,773	171,866	168,907	2,245	1,226	1,019	20,357	16.85	2.76	21,473
2002	광진구	141,367	388,478	195,109	193,369	386,511	194,200	192,311	1,967	909	1,058	22,785	17.05	2.73	19,425
2002	동대문구	143,014	384,356	194,605	189,751	381,841	193,538	188,303	2,515	1,067	1,448	27,029	14.22	2.67	26,455
2002	중랑구	154,085	443,246	222,571	220,675	442,125	222,179	219,946	1,121	392	729	23,959	18.5	2.87	24,470
2002	성북구	159,810	446,968	224,099	222,869	443,809	222,614	221,195	3,159	1,485	1,674	18,192	24.57	2.78	31,766
2002	강북구	126,252	362,906	181,219	181,687	361,896	180,859	181,037	1,010	360	650	15,377	23.6	2.87	23,881
2002	도봉구	122,201	373,086	186,496	186,590	371,911	186,078	185,833	1,175	418	757	17,937	20.8	3.04	22,204
2002	노원구	209,521	643,585	318,328	325,257	641,652	317,436	324,216	1,933	892	1,041	18,170	35.42	3.06	39,010
2002	은평구	164,981	471,873	234,603	237,270	470,205	233,910	236,295	1,668	693	975	15,877	29.72	2.85	30,841
2002	서대문구	134,023	368,001	182,013	185,988	362,614	179,411	183,203	5,387	2,602	2,785	20,909	17.6	2.71	26,332
2002	마포구	142,790	378,777	187,632	191,145	375,417	185,903	189,514	3,360	1,729	1,631	15,868	23.87	2.63	26,000
2002	양천구	158,639	486,350	244,649	241,701	484,518	243,807	240,711	1,832	842	990	27,951	17.4	3.05	24,898
2002	강서구	181,422	530,169	263,064	267,105	528,321	262,185	266,136	1,848	879	969	12,806	41.4	2.91	29,465
2002	구로구	142,342	415,789	211,626	204,163	413,363	210,467	202,896	2,426	1,159	1,267	20,676	20.11	2.9	21,674
2002	금천구	93,056	264,004	135,105	128,899	261,413	133,805	127,608	2,591	1,300	1,291	20,308	13	2.81	13,563
2002	영등포구	147,838	412,152	209,174	202,978	408,753	207,424	201,329	3,399	1,750	1,649	16,775	24.57	2.76	24,865
2002	동작구	144,854	404,872	202,635	202,237	403,047	201,955	201,092	1,825	680	1,145	24,763	16.35	2.78	26,195
2002	관악구	197,578	524,560	267,856	256,704	522,207	266,951	255,256	2,353	905	1,448	17,740	29.57	2.64	28,096
2002	서초구	138,627	393,583	193,664	199,919	389,256	191,409	197,847	4,327	2,255	2,072	8,346	47.16	2.81	21,159
2002	강남구	193,857	540,813	264,791	276,022	535,138	261,641	273,497	5,675	3,150	2,525	13,678	39.54	2.76	27,658
2002	송파구	223,754	649,888	322,769	327,119	647,037	321,426	325,611	2,851	1,343	1,508	19,176	33.89	2.89	32,395
2002	강동구	164,155	483,004	243,967	239,037	481,470	243,391	238,079	1,534	576	958	19,650	24.58	2.93	24,263
2003	합계	3,714,697	10,276,968	5,133,694	5,143,274	10,174,086	5,084,908	5,089,178	102,882	48,786	54,096	16,975	605.41	2.74	649,755
2003	종로구	70,288	181,441	90,978	90,463	177,519	89,234	88,285	3,922	1,744	2,178	7,588	23.91	2.58	15,981
2003	중구	54,487	138,798	69,282	69,516	134,548	67,269	67,279	4,250	2,013	2,237	13,932	9.96	2.55	12,030
2003	용산구	93,262	240,723	119,302	121,421	231,871	114,602	117,269	8,852	4,700	4,152	11,006	21.87	2.58	21,055
2003	성동구	126,592	343,929	173,182	170,747	339,368	170,817	168,551	4,561	2,365	2,196	20,416	16.85	2.72	22,803
2003	광진구	144,687	388,659	194,706	193,953	384,929	192,996	191,933	3,730	1,710	2,020	22,793	17.05	2.69	20,748
2003	동대문구	146,457	386,814	195,488	191,326	382,875	193,763	189,112	3,939	1,725	2,214	27,210	14.22	2.64	28,229
2003	중랑구	156,511	438,011	219,652	218,359	436,089	218,949	217,140	1,922	703	1,219	23,672	18.5	2.8	25,819
2003	성북구	167,475	456,535	228,521	228,014	453,057	226,943	226,114	3,478	1,578	1,900	18,584	24.57	2.73	34,010
2003	강북구	129,543	362,094	180,321	181,773	360,663	179,773	180,890	1,431	548	883	15,341	23.6	2.8	25,611
2003	도봉구	127,264	378,166	188,711	189,455	376,599	188,073	188,526	1,567	638	929	18,181	20.8	2.97	23,997
2003	노원구	211,144	633,934	313,254	320,680	631,931	312,390	319,541	2,003	864	1,139	17,896	35.42	3	40,763
2003	은평구	172,761	476,843	236,811	240,032	474,778	235,970	238,808	2,065	841	1,224	16,047	29.72	2.76	33,084
2003	서대문구	134,956	361,754	178,551	183,203	355,753	175,720	180,033	6,001	2,831	3,170	20,537	17.61	2.68	27,819
2003	마포구	149,272	383,629	189,563	194,066	379,451	187,569	191,882	4,178	1,994	2,184	16,070	23.87	2.57	27,694
2003	양천구	163,755	489,257	245,379	243,878	486,962	244,369	242,593	2,295	1,010	1,285	28,118	17.4	2.99	26,211
2003	강서구	189,521	539,673	267,797	271,876	537,003	266,490	270,513	2,670	1,307	1,363	13,037	41.4	2.85	31,595
2003	구로구	146,240	419,438	213,651	205,787	412,845	210,121	202,724	6,593	3,530	3,063	20,853	20.11	2.87	23,524
2003	금천구	95,608	267,355	136,807	130,548	261,224	133,379	127,845	6,131	3,428	2,703	20,561	13	2.8	14,690
2003	영등포구	149,948	410,952	208,336	202,616	403,327	204,446	198,881	7,625	3,890	3,735	16,724	24.57	2.74	26,549
2003	동작구	151,694	413,204	206,499	206,705	410,360	205,203	205,157	2,844	1,296	1,548	25,260	16.36	2.72	28,281
2003	관악구	206,087	526,971	268,960	258,011	522,456	266,908	255,548	4,515	2,052	2,463	17,821	29.57	2.56	30,187
2003	서초구	144,165	400,220	196,071	204,149	394,757	193,632	201,125	5,463	2,439	3,024	8,510	47.03	2.78	22,430
2003	강남구	196,628	536,031	260,868	275,163	528,977	257,776	271,201	7,054	3,092	3,962	13,556	39.54	2.73	28,467
2003	송파구	219,648	623,267	309,170	314,097	619,514	307,516	311,998	3,753	1,654	2,099	18,393	33.89	2.84	32,650
2003	강동구	166,704	479,270	241,834	237,436	477,230	241,000	236,230	2,040	834	1,206	19,500	24.58	2.87	25,528
2004	합계	3,780,305	10,287,847	5,128,752	5,159,095	10,173,162	5,074,686	5,098,476	114,685	54,066	60,619	16,994	605.39	2.69	693,225
2004	종로구	70,408	178,574	89,574	89,000	174,372	87,731	86,641	4,202	1,843	2,359	7,468	23.91	2.54	16,728
2004	중구	54,419	136,585	68,000	68,585	131,971	65,947	66,024	4,614	2,053	2,561	13,712	9.96	2.51	12,603
2004	용산구	94,788	239,070	118,215	120,855	230,107	113,512	116,595	8,963	4,703	4,260	10,933	21.87	2.52	22,063
2004	성동구	128,964	343,992	173,076	170,916	339,113	170,565	168,548	4,879	2,511	2,368	20,419	16.85	2.67	24,423
2004	광진구	145,430	384,681	192,198	192,483	380,537	190,304	190,233	4,144	1,894	2,250	22,560	17.05	2.65	22,040
2004	동대문구	148,168	383,896	193,487	190,409	379,404	191,597	187,807	4,492	1,890	2,602	27,005	14.22	2.59	29,972
2004	중랑구	158,283	436,063	218,049	218,014	433,858	217,271	216,587	2,205	778	1,427	23,567	18.5	2.75	27,793
2004	성북구	169,704	455,041	226,983	228,058	451,122	225,280	225,842	3,919	1,703	2,216	18,523	24.57	2.68	36,159
2004	강북구	131,995	362,275	180,142	182,133	360,525	179,484	181,041	1,750	658	1,092	15,348	23.6	2.74	27,719
2004	도봉구	131,129	383,611	190,892	192,719	381,939	190,240	191,699	1,672	652	1,020	18,444	20.8	2.93	26,190
2004	노원구	212,531	630,555	311,108	319,447	628,184	310,082	318,102	2,371	1,026	1,345	17,800	35.42	2.97	42,992
2004	은평구	177,305	480,320	238,149	242,171	478,087	237,265	240,822	2,233	884	1,349	16,164	29.71	2.71	35,800
2004	서대문구	136,146	358,186	176,266	181,920	352,071	173,452	178,619	6,115	2,814	3,301	20,336	17.61	2.63	29,772
2004	마포구	153,994	388,111	191,313	196,798	383,457	189,108	194,349	4,654	2,205	2,449	16,257	23.87	2.52	29,557
2004	양천구	169,326	497,642	249,311	248,331	495,098	248,169	246,929	2,544	1,142	1,402	28,600	17.4	2.94	28,170
2004	강서구	193,973	544,762	270,057	274,705	541,671	268,424	273,247	3,091	1,633	1,458	13,159	41.4	2.81	33,752
2004	구로구	150,568	424,725	215,953	208,772	416,828	211,704	205,124	7,897	4,249	3,648	21,116	20.11	2.82	25,489
2004	금천구	96,632	266,047	135,963	130,084	259,633	132,390	127,243	6,414	3,573	2,841	20,456	13.01	2.75	15,919
2004	영등포구	154,167	415,889	210,440	205,449	406,261	205,393	200,868	9,628	5,047	4,581	16,930	24.56	2.7	28,839
2004	동작구	154,625	414,199	206,439	207,760	410,945	204,946	205,999	3,254	1,493	1,761	25,324	16.36	2.68	30,183
2004	관악구	214,261	535,688	272,997	262,691	530,156	270,391	259,765	5,532	2,606	2,926	18,116	29.57	2.5	32,830
2004	서초구	148,608	406,752	198,672	208,080	400,868	196,076	204,792	5,884	2,596	3,288	8,647	47.04	2.74	23,994
2004	강남구	201,571	539,333	261,704	277,629	531,517	258,371	273,146	7,816	3,333	4,483	13,640	39.54	2.68	30,007
2004	송파구	216,434	608,439	301,439	307,000	604,293	299,576	304,717	4,146	1,863	2,283	17,961	33.88	2.81	33,563
2004	강동구	166,876	473,411	238,325	235,086	471,145	237,408	233,737	2,266	917	1,349	19,262	24.58	2.84	26,668
2005	합계	3,871,024	10,297,004	5,123,738	5,173,266	10,167,344	5,062,492	5,104,852	129,660	61,246	68,414	17,009	605.4	2.63	735,902
2005	종로구	69,982	173,861	87,091	86,770	169,315	84,981	84,334	4,546	2,110	2,436	7,272	23.91	2.48	17,217
2005	중구	55,101	134,420	67,062	67,358	130,027	64,995	65,032	4,393	2,067	2,326	13,495	9.96	2.44	13,069
2005	용산구	97,324	240,077	118,268	121,809	230,260	113,158	117,102	9,817	5,110	4,707	10,979	21.87	2.47	23,183
2005	성동구	131,725	342,691	171,858	170,833	337,744	169,346	168,398	4,947	2,512	2,435	20,341	16.85	2.6	25,904
2005	광진구	147,077	380,480	189,497	190,983	375,613	187,320	188,293	4,867	2,177	2,690	22,304	17.06	2.59	23,391
2005	동대문구	152,613	386,280	194,446	191,834	381,110	192,317	188,793	5,170	2,129	3,041	27,173	14.22	2.53	32,189
2005	중랑구	159,674	429,922	214,675	215,247	427,373	213,775	213,598	2,549	900	1,649	23,236	18.5	2.69	29,434
2005	성북구	177,456	467,308	232,338	234,970	462,879	230,451	232,428	4,429	1,887	2,542	19,024	24.56	2.63	38,788
2005	강북구	132,471	355,334	176,451	178,883	353,260	175,723	177,537	2,074	728	1,346	15,055	23.6	2.68	29,566
2005	도봉구	134,308	383,448	190,512	192,936	381,529	189,766	191,763	1,919	746	1,173	18,436	20.8	2.85	28,009
2005	노원구	215,166	624,855	307,569	317,286	622,003	306,356	315,647	2,852	1,213	1,639	17,640	35.42	2.9	44,947
2005	은평구	178,816	473,456	234,477	238,979	470,751	233,418	237,333	2,705	1,059	1,646	15,934	29.71	2.65	37,760
2005	서대문구	138,320	355,934	174,867	181,067	349,163	171,773	177,390	6,771	3,094	3,677	20,208	17.61	2.57	31,654
2005	마포구	159,894	393,155	193,008	200,147	388,164	190,582	197,582	4,991	2,426	2,565	16,466	23.88	2.46	31,547
2005	양천구	174,368	502,788	251,369	251,419	499,755	250,040	249,715	3,033	1,329	1,704	28,890	17.4	2.88	29,840
2005	강서구	202,052	557,373	276,000	281,373	553,660	274,159	279,501	3,713	1,841	1,872	13,464	41.4	2.76	36,223
2005	구로구	154,397	427,119	216,633	210,486	416,405	211,109	205,296	10,714	5,524	5,190	21,235	20.11	2.77	27,550
2005	금천구	98,179	263,936	134,619	129,317	256,902	130,883	126,019	7,034	3,736	3,298	20,279	13.02	2.69	17,153
2005	영등포구	159,762	421,327	213,122	208,205	408,386	206,376	202,010	12,941	6,746	6,195	17,151	24.57	2.64	31,250
2005	동작구	158,192	414,668	205,898	208,770	410,481	203,993	206,488	4,187	1,905	2,282	25,367	16.35	2.62	32,061
2005	관악구	220,879	537,235	273,470	263,765	530,020	270,064	259,956	7,215	3,406	3,809	18,168	29.57	2.43	35,252
2005	서초구	152,245	406,875	198,665	208,210	401,736	196,268	205,468	5,139	2,397	2,742	8,651	47.03	2.67	25,287
2005	강남구	211,338	547,775	265,943	281,832	540,909	262,628	278,281	6,866	3,315	3,551	13,853	39.54	2.59	31,755
2005	송파구	222,169	610,023	301,510	308,513	605,840	299,659	306,181	4,183	1,851	2,332	18,007	33.88	2.75	35,302
2005	강동구	167,516	466,664	234,390	232,274	464,059	233,352	230,707	2,605	1,038	1,567	18,987	24.58	2.79	27,571
2006	합계	3,978,938	10,356,202	5,145,481	5,210,721	10,181,166	5,062,107	5,119,059	175,036	83,374	91,662	17,108	605.33	2.56	786,580
2006	종로구	70,925	172,690	86,375	86,315	166,793	83,634	83,159	5,897	2,741	3,156	7,223	23.91	2.43	17,938
2006	중구	56,642	136,348	67,950	68,398	130,649	65,208	65,441	5,699	2,742	2,957	13,688	9.96	2.41	13,895
2006	용산구	101,479	243,033	119,739	123,294	232,035	114,041	117,994	10,998	5,698	5,300	11,114	21.87	2.39	24,397
2006	성동구	133,864	340,895	170,965	169,930	334,437	167,763	166,674	6,458	3,202	3,256	20,234	16.85	2.55	27,412
2006	광진구	150,736	381,540	189,517	192,023	374,442	186,268	188,174	7,098	3,249	3,849	22,376	17.05	2.53	24,919
2006	동대문구	155,667	385,712	193,873	191,839	378,860	190,947	187,913	6,852	2,926	3,926	27,136	14.21	2.48	34,381
2006	중랑구	163,509	429,404	214,111	215,293	426,078	212,918	213,160	3,326	1,193	2,133	23,211	18.5	2.63	31,992
2006	성북구	185,805	478,511	237,494	241,017	472,843	235,057	237,786	5,668	2,437	3,231	19,479	24.57	2.58	41,727
2006	강북구	134,490	351,624	174,488	177,136	348,990	173,510	175,480	2,634	978	1,656	14,897	23.6	2.61	31,810
2006	도봉구	136,003	379,755	188,320	191,435	377,534	187,442	190,092	2,221	878	1,343	18,341	20.7	2.79	30,261
2006	노원구	218,799	621,676	305,515	316,161	618,093	304,047	314,046	3,583	1,468	2,115	17,550	35.42	2.84	47,363
2006	은평구	180,503	467,940	231,462	236,478	464,580	230,143	234,437	3,360	1,319	2,041	15,750	29.71	2.59	40,148
2006	서대문구	141,869	356,652	174,563	182,089	349,020	171,098	177,922	7,632	3,465	4,167	20,249	17.61	2.51	33,662
2006	마포구	165,036	397,049	194,461	202,588	390,583	191,287	199,296	6,466	3,174	3,292	16,624	23.88	2.41	33,528
2006	양천구	178,984	505,606	252,271	253,335	501,717	250,479	251,238	3,889	1,792	2,097	29,051	17.4	2.82	31,600
2006	강서구	208,347	559,845	276,968	282,877	554,945	274,528	280,417	4,900	2,440	2,460	13,515	41.43	2.69	38,662
2006	구로구	159,991	436,786	221,403	215,383	419,832	212,559	207,273	16,954	8,844	8,110	21,717	20.11	2.73	29,870
2006	금천구	99,193	263,989	134,694	129,295	253,243	129,041	124,202	10,746	5,653	5,093	20,287	13.01	2.66	18,508
2006	영등포구	164,263	429,816	217,412	212,404	408,698	206,343	202,355	21,118	11,069	10,049	17,496	24.57	2.62	33,731
2006	동작구	161,958	414,978	205,408	209,570	408,582	202,449	206,133	6,396	2,959	3,437	25,385	16.35	2.56	34,137
2006	관악구	230,093	545,995	277,400	268,595	535,217	272,339	262,878	10,778	5,061	5,717	18,463	29.57	2.37	38,358
2006	서초구	158,618	413,970	201,482	212,488	408,266	198,874	209,392	5,704	2,608	3,096	8,802	47.03	2.61	27,140
2006	강남구	222,642	564,658	273,524	291,134	556,964	269,857	287,107	7,694	3,667	4,027	14,280	39.54	2.54	34,292
2006	송파구	228,770	612,527	302,612	309,915	607,005	300,173	306,832	5,522	2,439	3,083	18,080	33.88	2.68	37,603
2006	강동구	170,752	465,203	233,474	231,729	461,760	232,102	229,658	3,443	1,372	2,071	18,928	24.58	2.72	29,246
2007	합계	4,046,086	10,421,782	5,174,655	5,247,127	10,192,710	5,063,188	5,129,522	229,072	111,467	117,605	17,219	605.25	2.52	852,235
2007	종로구	71,968	173,843	87,001	86,842	165,846	83,104	82,742	7,997	3,897	4,100	7,271	23.91	2.42	19,127
2007	중구	57,473	137,435	68,516	68,919	130,044	64,908	65,136	7,391	3,608	3,783	13,799	9.96	2.39	14,907
2007	용산구	104,720	248,362	122,454	125,908	235,832	115,865	119,967	12,530	6,589	5,941	11,356	21.87	2.37	26,039
2007	성동구	135,655	341,620	171,404	170,216	333,535	167,424	166,111	8,085	3,980	4,105	20,274	16.85	2.52	29,691
2007	광진구	154,017	386,367	191,521	194,846	376,572	186,945	189,627	9,795	4,576	5,219	22,661	17.05	2.51	27,100
2007	동대문구	156,777	385,825	193,949	191,876	376,421	189,686	186,735	9,404	4,263	5,141	27,171	14.2	2.46	37,066
2007	중랑구	167,665	431,406	215,356	216,050	427,071	213,662	213,409	4,335	1,694	2,641	23,319	18.5	2.57	34,951
2007	성북구	187,024	477,358	236,767	240,591	469,973	233,505	236,468	7,385	3,262	4,123	19,428	24.57	2.55	44,604
2007	강북구	135,415	348,702	172,942	175,760	345,478	171,730	173,748	3,224	1,212	2,012	14,769	23.61	2.58	34,732
2007	도봉구	138,156	378,559	187,454	191,105	375,975	186,424	189,551	2,584	1,030	1,554	18,288	20.7	2.74	32,780
2007	노원구	222,109	621,192	304,732	316,460	616,753	302,823	313,930	4,439	1,909	2,530	17,538	35.42	2.8	50,656
2007	은평구	181,551	463,473	229,054	234,419	459,196	227,286	231,910	4,277	1,768	2,509	15,600	29.71	2.55	43,414
2007	서대문구	144,016	357,174	174,544	182,630	348,575	170,588	177,987	8,599	3,956	4,643	20,282	17.61	2.48	36,326
2007	마포구	167,901	400,392	196,196	204,196	392,650	192,383	200,267	7,742	3,813	3,929	16,774	23.87	2.38	36,160
2007	양천구	181,977	508,566	253,616	254,950	503,650	251,355	252,295	4,916	2,261	2,655	29,228	17.4	2.79	33,961
2007	강서구	213,893	566,495	279,974	286,521	560,424	276,977	283,447	6,071	2,997	3,074	13,677	41.42	2.65	42,075
2007	구로구	163,310	445,095	225,414	219,681	420,542	212,665	207,877	24,553	12,749	11,804	22,133	20.11	2.73	33,021
2007	금천구	99,299	264,323	135,135	129,188	249,108	126,977	122,131	15,215	8,158	7,057	20,317	13.01	2.66	20,353
2007	영등포구	166,087	439,151	222,241	216,910	408,178	205,976	202,202	30,973	16,265	14,708	17,873	24.57	2.64	36,661
2007	동작구	163,600	414,839	205,115	209,724	405,967	200,891	205,076	8,872	4,224	4,648	25,372	16.35	2.54	36,829
2007	관악구	236,544	550,766	279,947	270,819	535,571	272,618	262,953	15,195	7,329	7,866	18,626	29.57	2.33	42,214
2007	서초구	158,880	411,951	200,378	211,573	405,969	197,555	208,414	5,982	2,823	3,159	8,765	47	2.59	29,054
2007	강남구	226,149	569,176	275,010	294,166	560,958	270,925	290,033	8,218	4,085	4,133	14,395	39.54	2.52	37,115
2007	송파구	237,517	630,691	310,809	319,882	623,876	307,693	316,183	6,815	3,116	3,699	18,615	33.88	2.66	41,787
2007	강동구	174,383	469,021	235,126	233,895	464,546	233,223	231,323	4,475	1,903	2,572	19,081	24.58	2.69	31,612
2008	합계	4,097,562	10,456,034	5,184,732	5,271,302	10,200,827	5,061,809	5,139,018	255,207	122,923	132,284	17,275	605.27	2.49	898,700
2008	종로구	74,660	179,754	89,725	90,029	170,705	85,398	85,307	9,049	4,327	4,722	7,519	23.91	2.29	20,162
2008	중구	58,174	138,811	69,284	69,527	130,362	65,110	65,252	8,449	4,174	4,275	13,936	9.96	2.24	15,427
2008	용산구	106,966	251,043	123,551	127,492	238,224	116,781	121,443	12,819	6,770	6,049	11,480	21.87	2.23	27,167
2008	성동구	128,658	322,679	161,744	160,935	314,212	157,602	156,610	8,467	4,142	4,325	19,151	16.85	2.44	29,525
2008	광진구	155,676	387,254	191,676	195,578	375,482	186,237	189,245	11,772	5,439	6,333	22,698	17.06	2.41	28,702
2008	동대문구	156,267	381,663	191,888	189,775	370,250	186,744	183,506	11,413	5,144	6,269	26,876	14.2	2.37	38,563
2008	중랑구	171,183	432,845	216,344	216,501	427,871	214,351	213,520	4,974	1,993	2,981	23,399	18.5	2.5	37,180
2008	성북구	190,713	481,419	238,344	243,075	473,357	234,730	238,627	8,062	3,614	4,448	19,597	24.57	2.48	47,242
2008	강북구	136,300	345,754	171,180	174,574	342,274	169,887	172,387	3,480	1,293	2,187	14,644	23.61	2.51	36,649
2008	도봉구	139,733	376,698	186,476	190,222	373,936	185,376	188,560	2,762	1,100	1,662	18,196	20.7	2.68	34,750
2008	노원구	225,065	620,808	304,068	316,740	615,981	301,982	313,999	4,827	2,086	2,741	17,524	35.43	2.74	52,938
2008	은평구	182,762	463,364	228,740	234,624	458,401	226,636	231,765	4,963	2,104	2,859	15,607	29.69	2.51	46,002
2008	서대문구	138,295	340,731	166,432	174,299	331,688	162,350	169,338	9,043	4,082	4,961	19,356	17.6	2.4	36,342
2008	마포구	165,978	393,241	192,243	200,998	385,119	188,327	196,792	8,122	3,916	4,206	16,472	23.87	2.32	36,811
2008	양천구	183,002	507,899	253,061	254,838	502,343	250,516	251,827	5,556	2,545	3,011	29,183	17.4	2.75	35,573
2008	강서구	223,026	583,545	288,063	295,482	576,848	284,817	292,031	6,697	3,246	3,451	14,086	41.43	2.59	45,762
2008	구로구	165,750	448,696	226,732	221,964	420,795	212,461	208,334	27,901	14,271	13,630	22,282	20.14	2.54	35,608
2008	금천구	100,138	265,244	135,337	129,907	247,320	125,931	121,389	17,924	9,406	8,518	20,396	13.01	2.47	21,649
2008	영등포구	168,187	443,537	223,825	219,712	408,099	205,732	202,367	35,438	18,093	17,345	18,056	24.57	2.43	38,951
2008	동작구	163,742	410,934	202,654	208,280	400,866	197,951	202,915	10,068	4,703	5,365	25,136	16.35	2.45	38,320
2008	관악구	241,511	551,873	279,975	271,898	534,556	271,762	262,794	17,317	8,213	9,104	18,664	29.57	2.21	44,843
2008	서초구	159,907	412,065	200,313	211,752	406,320	197,570	208,750	5,745	2,743	3,002	8,767	47	2.54	30,943
2008	강남구	227,533	565,624	272,953	292,671	557,832	268,963	288,869	7,792	3,990	3,802	14,307	39.54	2.45	38,918
2008	송파구	256,104	676,580	332,704	343,876	668,962	329,262	339,700	7,618	3,442	4,176	19,971	33.88	2.61	46,934
2008	강동구	178,232	473,973	237,420	236,553	469,024	235,333	233,691	4,949	2,087	2,862	19,285	24.58	2.63	33,739
2009	합계	4,116,660	10,464,051	5,181,359	5,282,692	10,208,302	5,059,269	5,149,033	255,749	122,090	133,659	17,289	605.25	2.48	942,946
2009	종로구	74,315	177,543	88,432	89,111	168,603	84,257	84,346	8,940	4,175	4,765	7,426	23.91	2.27	20,753
2009	중구	58,249	137,861	69,046	68,815	129,465	65,025	64,440	8,396	4,021	4,375	13,841	9.96	2.22	16,008
2009	용산구	107,456	251,200	123,528	127,672	238,708	116,954	121,754	12,492	6,574	5,918	11,487	21.87	2.22	28,167
2009	성동구	126,670	316,064	158,203	157,861	308,058	154,333	153,725	8,006	3,870	4,136	18,759	16.85	2.43	30,300
2009	광진구	156,140	386,513	190,967	195,546	373,998	185,190	188,808	12,515	5,777	6,738	22,653	17.06	2.4	30,288
2009	동대문구	153,437	374,277	187,856	186,421	362,146	182,550	179,596	12,131	5,306	6,825	26,356	14.2	2.36	39,693
2009	중랑구	171,448	429,700	214,546	215,154	424,761	212,576	212,185	4,939	1,970	2,969	23,232	18.5	2.48	39,191
2009	성북구	192,990	484,457	239,463	244,994	476,028	235,755	240,273	8,429	3,708	4,721	19,721	24.57	2.47	49,417
2009	강북구	136,779	343,912	170,346	173,566	340,367	168,998	171,369	3,545	1,348	2,197	14,566	23.61	2.49	38,749
2009	도봉구	139,010	372,398	184,019	188,379	369,733	182,985	186,748	2,665	1,034	1,631	17,988	20.7	2.66	36,245
2009	노원구	225,000	615,161	301,164	313,997	610,616	299,211	311,405	4,545	1,953	2,592	17,360	35.44	2.71	54,756
2009	은평구	185,701	470,782	231,849	238,933	465,895	229,728	236,167	4,887	2,121	2,766	15,855	29.69	2.51	48,979
2009	서대문구	137,062	336,649	164,251	172,398	327,451	160,243	167,208	9,198	4,008	5,190	19,126	17.6	2.39	37,561
2009	마포구	165,750	392,313	191,300	201,013	384,013	187,324	196,689	8,300	3,976	4,324	16,434	23.87	2.32	38,327
2009	양천구	182,363	506,684	251,971	254,713	501,395	249,567	251,828	5,289	2,404	2,885	29,104	17.41	2.75	37,132
2009	강서구	221,975	579,196	285,597	293,599	572,836	282,529	290,307	6,360	3,068	3,292	13,983	41.42	2.58	47,657
2009	구로구	167,404	449,613	227,173	222,440	421,967	212,953	209,014	27,646	14,220	13,426	22,347	20.12	2.52	37,465
2009	금천구	100,285	263,116	134,341	128,775	244,835	124,836	119,999	18,281	9,505	8,776	20,240	13	2.44	22,695
2009	영등포구	168,099	441,747	222,622	219,125	405,798	204,349	201,449	35,949	18,273	17,676	17,983	24.57	2.41	40,498
2009	동작구	163,344	407,973	200,855	207,118	397,920	196,339	201,581	10,053	4,516	5,537	24,954	16.35	2.44	39,971
2009	관악구	241,873	547,311	277,269	270,042	529,869	269,023	260,846	17,442	8,246	9,196	18,510	29.57	2.19	47,311
2009	서초구	166,405	431,131	209,113	222,018	425,481	206,346	219,135	5,650	2,767	2,883	9,172	47	2.56	34,046
2009	강남구	229,431	569,499	274,480	295,019	562,138	270,720	291,418	7,361	3,760	3,601	14,405	39.54	2.45	41,065
2009	송파구	260,681	689,296	337,950	351,346	681,476	334,477	346,999	7,820	3,473	4,347	20,347	33.88	2.61	50,067
2009	강동구	184,793	489,655	245,018	244,637	484,745	243,001	241,744	4,910	2,017	2,893	19,920	24.58	2.62	36,605
2010	합계	4,224,181	10,575,447	5,236,742	5,338,705	10,312,545	5,111,259	5,201,286	262,902	125,483	137,419	17,473	605.25	2.44	1,007,572
2010	종로구	77,621	179,362	89,252	90,110	170,578	85,182	85,396	8,784	4,070	4,714	7,502	23.91	2.2	22,458
2010	중구	61,468	141,200	70,908	70,292	132,822	66,879	65,943	8,378	4,029	4,349	14,177	9.96	2.16	17,504
2010	용산구	113,204	257,143	125,832	131,311	244,853	119,482	125,371	12,290	6,350	5,940	11,759	21.87	2.16	30,996
2010	성동구	129,644	316,892	158,771	158,121	309,093	155,067	154,026	7,799	3,704	4,095	18,808	16.85	2.38	32,094
2010	광진구	159,675	388,775	192,053	196,722	375,463	186,024	189,439	13,312	6,029	7,283	22,786	17.06	2.35	32,241
2010	동대문구	158,485	379,343	190,317	189,026	366,786	184,874	181,912	12,557	5,443	7,114	26,713	14.2	2.31	42,669
2010	중랑구	176,096	432,302	216,255	216,047	427,455	214,383	213,072	4,847	1,872	2,975	23,373	18.5	2.43	41,887
2010	성북구	201,489	497,692	245,659	252,033	488,932	241,927	247,005	8,760	3,732	5,028	20,260	24.57	2.43	53,243
2010	강북구	142,711	350,007	173,373	176,634	346,520	172,109	174,411	3,487	1,264	2,223	14,824	23.61	2.43	41,702
2010	도봉구	140,603	370,734	183,283	187,451	368,298	182,407	185,891	2,436	876	1,560	17,908	20.7	2.62	38,214
2010	노원구	228,022	615,425	301,141	314,284	611,230	299,384	311,846	4,195	1,757	2,438	17,367	35.44	2.68	57,049
2010	은평구	196,390	492,925	242,564	250,361	488,109	240,536	247,573	4,816	2,028	2,788	16,601	29.69	2.49	53,779
2010	서대문구	138,473	333,871	162,823	171,048	324,541	158,857	165,684	9,330	3,966	5,364	18,968	17.6	2.34	39,497
2010	마포구	170,531	400,464	195,145	205,319	391,865	191,034	200,831	8,599	4,111	4,488	16,776	23.87	2.3	41,457
2010	양천구	183,718	505,223	251,368	253,855	500,001	249,024	250,977	5,222	2,344	2,878	29,020	17.41	2.72	39,067
2010	강서구	225,313	580,506	286,324	294,182	574,127	283,248	290,879	6,379	3,076	3,303	14,015	41.42	2.55	50,349
2010	구로구	170,317	452,667	229,189	223,478	423,736	214,032	209,704	28,931	15,157	13,774	22,499	20.12	2.49	39,389
2010	금천구	103,412	264,544	135,717	128,827	245,195	125,528	119,667	19,349	10,189	9,160	20,350	13	2.37	23,995
2010	영등포구	171,791	445,648	225,127	220,521	406,833	205,106	201,727	38,815	20,021	18,794	18,141	24.57	2.37	42,764
2010	동작구	167,887	413,814	203,608	210,206	402,709	198,587	204,122	11,105	5,021	6,084	25,312	16.35	2.4	42,539
2010	관악구	247,588	549,736	278,445	271,291	531,434	269,783	261,651	18,302	8,662	9,640	18,592	29.57	2.15	50,663
2010	서초구	170,882	440,021	213,200	226,821	434,720	210,652	224,068	5,301	2,548	2,753	9,361	47	2.54	37,131
2010	강남구	234,345	577,070	277,932	299,138	570,095	274,303	295,792	6,975	3,629	3,346	14,596	39.54	2.43	44,229
2010	송파구	264,364	693,144	339,868	353,276	685,279	336,359	348,920	7,865	3,509	4,356	20,460	33.88	2.59	53,156
2010	강동구	190,152	496,939	248,588	248,351	491,871	246,492	245,379	5,068	2,096	2,972	20,217	24.58	2.59	39,500
2011	합계	4,192,752	10,528,774	5,208,492	5,320,282	10,249,679	5,073,899	5,175,780	279,095	134,593	144,502	17,397	605.21	2.44	1,049,425
2011	종로구	76,688	177,419	88,107	89,312	168,382	83,931	84,451	9,037	4,176	4,861	7,421	23.91	2.2	22,939
2011	중구	61,475	141,567	71,137	70,430	133,193	67,065	66,128	8,374	4,072	4,302	14,212	9.96	2.17	18,099
2011	용산구	112,617	259,288	126,735	132,553	246,501	120,183	126,318	12,787	6,552	6,235	11,857	21.87	2.19	31,837
2011	성동구	126,148	308,767	154,511	154,256	300,711	150,655	150,056	8,056	3,856	4,200	18,325	16.85	2.38	32,767
2011	광진구	158,472	386,673	190,867	195,806	371,936	184,103	187,833	14,737	6,764	7,973	22,661	17.06	2.35	33,613
2011	동대문구	157,823	378,534	189,538	188,996	365,486	183,925	181,561	13,048	5,613	7,435	26,653	14.2	2.32	44,368
2011	중랑구	175,115	428,672	214,258	214,414	423,706	212,291	211,415	4,966	1,967	2,999	23,175	18.5	2.42	43,745
2011	성북구	199,398	494,422	243,639	250,783	485,171	239,726	245,445	9,251	3,913	5,338	20,125	24.57	2.43	55,213
2011	강북구	142,527	348,740	172,309	176,431	345,054	170,906	174,148	3,686	1,403	2,283	14,780	23.6	2.42	43,507
2011	도봉구	139,348	367,949	181,911	186,038	365,573	181,004	184,569	2,376	907	1,469	17,774	20.7	2.62	39,810
2011	노원구	225,104	608,062	297,308	310,754	603,930	295,551	308,379	4,132	1,757	2,375	17,160	35.44	2.68	58,642
2011	은평구	197,582	498,350	244,730	253,620	493,634	242,779	250,855	4,716	1,951	2,765	16,782	29.69	2.5	56,595
2011	서대문구	134,730	324,529	158,160	166,369	314,852	154,033	160,819	9,677	4,127	5,550	18,434	17.6	2.34	40,041
2011	마포구	168,640	398,627	193,539	205,088	389,493	189,243	200,250	9,134	4,296	4,838	16,720	23.84	2.31	42,610
2011	양천구	182,677	505,605	251,346	254,259	500,210	248,927	251,283	5,395	2,419	2,976	29,049	17.41	2.74	41,110
2011	강서구	223,490	575,846	283,662	292,184	569,072	280,274	288,798	6,774	3,388	3,386	13,901	41.43	2.55	52,314
2011	구로구	171,064	458,908	232,056	226,852	427,468	215,474	211,994	31,440	16,582	14,858	22,806	20.12	2.5	41,992
2011	금천구	103,600	264,256	135,604	128,652	243,438	124,665	118,773	20,818	10,939	9,879	20,326	13	2.35	25,089
2011	영등포구	168,850	439,555	221,913	217,642	397,443	199,987	197,456	42,112	21,926	20,186	17,892	24.57	2.35	43,891
2011	동작구	167,099	413,658	203,341	210,317	401,408	197,672	203,736	12,250	5,669	6,581	25,296	16.35	2.4	44,287
2011	관악구	246,979	546,350	276,675	269,675	526,397	267,145	259,252	19,953	9,530	10,423	18,478	29.57	2.13	53,022
2011	서초구	168,988	439,012	212,636	226,376	433,564	209,902	223,662	5,448	2,734	2,714	9,340	47	2.57	39,035
2011	강남구	231,983	573,003	275,906	297,097	565,710	271,991	293,719	7,293	3,915	3,378	14,501	39.51	2.44	47,187
2011	송파구	261,963	690,466	338,344	352,122	682,209	334,494	347,715	8,257	3,850	4,407	20,382	33.88	2.6	55,456
2011	강동구	190,392	500,516	250,260	250,256	495,138	247,973	247,165	5,378	2,287	3,091	20,359	24.59	2.6	42,256
2012	합계	4,177,970	10,442,426	5,159,665	5,282,761	10,195,318	5,041,336	5,153,982	247,108	118,329	128,779	17,255	605.18	2.44	1,110,995
2012	종로구	75,659	173,148	85,997	87,151	165,207	82,274	82,933	7,941	3,723	4,218	7,243	23.91	2.18	23,868
2012	중구	61,546	140,807	70,762	70,045	133,360	67,043	66,317	7,447	3,719	3,728	14,136	9.96	2.17	18,875
2012	용산구	110,706	255,294	124,708	130,586	243,232	118,461	124,771	12,062	6,247	5,815	11,674	21.87	2.2	33,027
2012	성동구	125,848	306,868	153,272	153,596	299,604	149,832	149,772	7,264	3,440	3,824	18,214	16.85	2.38	34,180
2012	광진구	158,534	384,269	189,367	194,902	371,313	183,528	187,785	12,956	5,839	7,117	22,520	17.06	2.34	35,759
2012	동대문구	157,650	375,683	187,851	187,832	363,258	182,661	180,597	12,425	5,190	7,235	26,453	14.2	2.3	46,795
2012	중랑구	174,313	423,655	211,708	211,947	419,295	210,043	209,252	4,360	1,665	2,695	22,904	18.5	2.41	46,476
2012	성북구	197,992	490,639	241,162	249,477	481,857	237,474	244,383	8,782	3,688	5,094	19,968	24.57	2.43	58,142
2012	강북구	142,150	346,493	171,099	175,394	343,157	169,866	173,291	3,336	1,233	2,103	14,684	23.6	2.41	46,222
2012	도봉구	138,036	364,454	180,023	184,431	362,270	179,194	183,076	2,184	829	1,355	17,605	20.7	2.62	42,267
2012	노원구	222,959	600,829	293,616	307,213	597,189	292,081	305,108	3,640	1,535	2,105	16,955	35.44	2.68	61,218
2012	은평구	200,502	505,902	248,150	257,752	501,480	246,318	255,162	4,422	1,832	2,590	17,035	29.7	2.5	60,776
2012	서대문구	135,104	324,733	157,969	166,764	315,113	154,017	161,096	9,620	3,952	5,668	18,444	17.61	2.33	42,088
2012	마포구	166,722	393,576	190,514	203,062	384,644	186,452	198,192	8,932	4,062	4,870	16,511	23.84	2.31	44,283
2012	양천구	181,135	500,533	248,683	251,850	495,911	246,637	249,274	4,622	2,046	2,576	28,769	17.4	2.74	43,514
2012	강서구	223,708	573,794	282,185	291,609	567,431	278,969	288,462	6,363	3,216	3,147	13,851	41.43	2.54	55,821
2012	구로구	171,498	454,478	229,130	225,348	427,520	214,982	212,538	26,958	14,148	12,810	22,589	20.12	2.49	45,252
2012	금천구	104,357	260,734	133,834	126,900	243,288	124,675	118,613	17,446	9,159	8,287	20,055	13	2.33	26,848
2012	영등포구	167,685	426,876	215,084	211,792	391,408	196,765	194,643	35,468	18,319	17,149	17,386	24.55	2.33	46,237
2012	동작구	169,293	416,268	204,479	211,789	405,491	199,454	206,037	10,777	5,025	5,752	25,456	16.35	2.4	47,185
2012	관악구	247,598	540,520	273,640	266,880	523,029	265,281	257,748	17,491	8,359	9,132	18,280	29.57	2.11	56,620
2012	서초구	168,878	439,998	213,011	226,987	435,044	210,440	224,604	4,954	2,571	2,383	9,361	47	2.58	41,763
2012	강남구	230,755	569,997	274,124	295,873	564,197	270,970	293,227	5,800	3,154	2,646	14,431	39.5	2.45	50,348
2012	송파구	257,852	680,150	333,060	347,090	673,115	329,747	343,368	7,035	3,313	3,722	20,078	33.88	2.61	58,490
2012	강동구	187,490	492,728	246,237	246,491	487,905	244,172	243,733	4,823	2,065	2,758	20,042	24.59	2.6	44,941
2013	합계	4,182,351	10,388,055	5,126,351	5,261,704	10,143,645	5,007,869	5,135,776	244,410	118,482	125,928	17,165	605.2	2.43	1,167,177
2013	종로구	73,693	167,867	83,211	84,656	160,070	79,519	80,551	7,797	3,692	4,105	7,022	23.91	2.17	23,997
2013	중구	60,600	137,990	69,128	68,862	130,465	65,371	65,094	7,525	3,757	3,768	13,854	9.96	2.15	19,346
2013	용산구	109,361	251,925	122,974	128,951	239,740	116,491	123,249	12,185	6,483	5,702	11,520	21.87	2.19	34,017
2013	성동구	126,447	306,571	152,809	153,762	299,337	149,304	150,033	7,234	3,505	3,729	18,190	16.85	2.37	35,421
2013	광진구	159,173	381,439	187,584	193,855	368,927	181,864	187,063	12,512	5,720	6,792	22,356	17.06	2.32	37,623
2013	동대문구	159,256	376,445	188,167	188,278	364,273	182,987	181,286	12,172	5,180	6,992	26,490	14.21	2.29	49,097
2013	중랑구	174,938	421,237	210,390	210,847	416,798	208,641	208,157	4,439	1,749	2,690	22,773	18.5	2.38	48,998
2013	성북구	196,693	485,347	238,228	247,119	476,589	234,573	242,016	8,758	3,655	5,103	19,747	24.58	2.42	60,499
2013	강북구	141,246	341,921	168,546	173,375	338,707	167,342	171,365	3,214	1,204	2,010	14,490	23.6	2.4	48,547
2013	도봉구	137,714	360,609	177,925	182,684	358,582	177,153	181,429	2,027	772	1,255	17,418	20.7	2.6	44,469
2013	노원구	222,132	594,027	289,967	304,060	590,479	288,435	302,044	3,548	1,532	2,016	16,763	35.44	2.66	63,810
2013	은평구	202,487	508,111	248,722	259,389	503,660	246,858	256,802	4,451	1,864	2,587	17,107	29.7	2.49	64,328
2013	서대문구	135,272	324,067	157,314	166,753	314,110	153,315	160,795	9,957	3,999	5,958	18,405	17.61	2.32	43,850
2013	마포구	166,780	391,098	188,874	202,224	381,856	184,774	197,082	9,242	4,100	5,142	16,407	23.84	2.29	45,758
2013	양천구	180,443	496,934	246,723	250,211	492,528	244,742	247,786	4,406	1,981	2,425	28,554	17.4	2.73	46,026
2013	강서구	226,607	575,236	282,287	292,949	569,070	279,207	289,863	6,166	3,080	3,086	13,885	41.43	2.51	59,530
2013	구로구	171,419	452,168	227,694	224,474	424,964	213,251	211,713	27,204	14,443	12,761	22,475	20.12	2.48	48,027
2013	금천구	104,179	258,254	132,742	125,512	241,020	123,462	117,558	17,234	9,280	7,954	19,840	13.02	2.31	28,310
2013	영등포구	167,761	421,577	212,417	209,160	386,471	193,880	192,591	35,106	18,537	16,569	17,187	24.53	2.3	48,065
2013	동작구	172,700	421,487	207,223	214,264	410,815	202,144	208,671	10,672	5,079	5,593	25,773	16.35	2.38	50,062
2013	관악구	248,006	535,128	270,512	264,616	518,028	262,248	255,780	17,100	8,264	8,836	18,097	29.57	2.09	59,705
2013	서초구	170,594	446,541	215,771	230,770	441,763	213,285	228,478	4,778	2,486	2,292	9,501	47	2.59	44,674
2013	강남구	230,645	569,152	273,583	295,569	563,599	270,601	292,998	5,553	2,982	2,571	14,409	39.5	2.44	53,461
2013	송파구	257,441	674,955	330,030	344,925	668,415	326,919	341,496	6,540	3,111	3,429	19,925	33.87	2.6	61,745
2013	강동구	186,764	487,969	243,530	244,439	483,379	241,503	241,876	4,590	2,027	2,563	19,846	24.59	2.59	47,812
2014	합계	4,194,176	10,369,593	5,109,013	5,260,580	10,103,233	4,979,768	5,123,465	266,360	129,245	137,115	17,134	605.2	2.41	1,221,616
2014	종로구	73,101	165,344	81,439	83,905	156,993	77,621	79,372	8,351	3,818	4,533	6,915	23.91	2.15	24,537
2014	중구	59,960	136,227	67,952	68,275	128,065	64,033	64,032	8,162	3,919	4,243	13,677	9.96	2.14	19,960
2014	용산구	108,429	249,914	122,047	127,867	235,951	114,578	121,373	13,963	7,469	6,494	11,427	21.87	2.18	34,896
2014	성동구	125,814	303,891	151,149	152,742	296,086	147,363	148,723	7,805	3,786	4,019	18,035	16.85	2.35	36,684
2014	광진구	158,524	377,375	185,011	192,364	363,354	178,738	184,616	14,021	6,273	7,748	22,120	17.06	2.29	38,974
2014	동대문구	159,880	376,319	187,638	188,681	363,687	182,510	181,177	12,632	5,128	7,504	26,483	14.21	2.27	50,915
2014	중랑구	176,714	423,411	211,178	212,233	418,836	209,323	209,513	4,575	1,855	2,720	22,887	18.5	2.37	51,995
2014	성북구	193,359	475,961	233,009	242,952	466,706	229,205	237,501	9,255	3,804	5,451	19,364	24.58	2.41	62,066
2014	강북구	141,246	338,410	166,553	171,857	335,025	165,223	169,802	3,385	1,330	2,055	14,339	23.6	2.37	50,841
2014	도봉구	136,977	355,712	175,306	180,406	353,709	174,554	179,155	2,003	752	1,251	17,184	20.7	2.58	46,471
2014	노원구	221,107	586,056	285,697	300,359	582,552	284,225	298,327	3,504	1,472	2,032	16,537	35.44	2.63	66,480
2014	은평구	202,187	503,243	245,946	257,297	498,644	243,977	254,667	4,599	1,969	2,630	16,944	29.7	2.47	67,002
2014	서대문구	134,780	320,861	155,477	165,384	310,376	151,338	159,038	10,485	4,139	6,346	18,220	17.61	2.3	45,309
2014	마포구	169,492	395,830	190,717	205,113	385,439	186,177	199,262	10,391	4,540	5,851	16,604	23.84	2.27	47,360
2014	양천구	179,069	490,708	243,091	247,617	486,221	241,020	245,201	4,487	2,071	2,416	28,202	17.4	2.72	48,175
2014	강서구	234,378	591,653	289,841	301,812	585,160	286,644	298,516	6,493	3,197	3,296	14,281	41.43	2.5	64,287
2014	구로구	172,594	457,131	230,091	227,040	425,831	213,213	212,618	31,300	16,878	14,422	22,720	20.12	2.47	51,187
2014	금천구	103,940	258,030	132,476	125,554	238,463	121,878	116,585	19,567	10,598	8,969	19,818	13.02	2.29	29,553
2014	영등포구	168,100	421,436	212,261	209,175	382,352	191,464	190,888	39,084	20,797	18,287	17,180	24.53	2.27	49,829
2014	동작구	172,389	419,261	205,962	213,299	407,470	200,328	207,142	11,791	5,634	6,157	25,643	16.35	2.36	52,327
2014	관악구	248,180	531,960	268,683	263,277	513,186	259,631	253,555	18,774	9,052	9,722	17,990	29.57	2.07	62,577
2014	서초구	173,469	454,288	219,109	235,179	449,678	216,740	232,938	4,610	2,369	2,241	9,666	47	2.59	47,469
2014	강남구	237,375	583,446	280,082	303,364	578,114	277,267	300,847	5,332	2,815	2,517	14,771	39.5	2.44	57,444
2014	송파구	257,207	671,794	328,308	343,486	664,738	324,902	339,836	7,056	3,406	3,650	19,834	33.87	2.58	65,025
2014	강동구	185,905	481,332	239,990	241,342	476,597	237,816	238,781	4,735	2,174	2,561	19,574	24.59	2.56	50,253
2015	합계	4,189,948	10,297,138	5,063,550	5,233,588	10,022,181	4,930,943	5,091,238	274,957	132,607	142,350	-	-	2.39	1,267,563
2015	종로구	72,645	163,822	80,531	83,291	154,986	76,548	78,438	8,836	3,983	4,853	-	-	2.13	24,892
2015	중구	59,321	134,329	66,755	67,574	125,733	62,687	63,046	8,596	4,068	4,528	-	-	2.12	20,302
2015	용산구	107,512	247,909	121,027	126,882	233,342	113,177	120,165	14,567	7,850	6,717	-	-	2.17	35,715
2015	성동구	126,714	305,065	151,459	153,606	297,003	147,570	149,433	8,062	3,889	4,173	-	-	2.34	38,164
2015	광진구	158,353	375,180	183,436	191,744	360,369	176,884	183,485	14,811	6,552	8,259	-	-	2.28	40,368
2015	동대문구	159,941	373,824	185,827	187,997	360,153	180,485	179,668	13,671	5,342	8,329	-	-	2.25	52,490
2015	중랑구	176,390	418,620	208,393	210,227	413,909	206,505	207,404	4,711	1,888	2,823	-	-	2.35	54,095
2015	성북구	190,973	469,560	229,183	240,377	459,275	224,980	234,295	10,285	4,203	6,082	-	-	2.4	63,281
2015	강북구	141,088	334,426	164,337	170,089	330,873	162,967	167,906	3,553	1,370	2,183	-	-	2.35	52,598
2015	도봉구	136,903	353,241	173,804	179,437	351,242	173,029	178,213	1,999	775	1,224	-	-	2.57	48,590
2015	노원구	219,768	578,221	281,538	296,683	574,583	279,987	294,596	3,638	1,551	2,087	-	-	2.61	68,909
2015	은평구	203,410	502,578	244,964	257,614	497,920	242,975	254,945	4,658	1,989	2,669	-	-	2.45	69,753
2015	서대문구	135,770	323,105	156,130	166,975	312,141	152,008	160,133	10,964	4,122	6,842	-	-	2.3	46,758
2015	마포구	171,480	398,351	190,957	207,394	387,643	186,495	201,148	10,708	4,462	6,246	-	-	2.26	48,598
2015	양천구	179,512	489,010	242,074	246,936	484,532	239,995	244,537	4,478	2,079	2,399	-	-	2.7	50,398
2015	강서구	238,952	595,691	291,216	304,475	589,074	287,947	301,127	6,617	3,269	3,348	-	-	2.47	67,950
2015	구로구	172,321	454,604	228,201	226,403	422,092	210,440	211,652	32,512	17,761	14,751	-	-	2.45	53,719
2015	금천구	103,847	256,167	131,346	124,821	236,284	120,604	115,680	19,883	10,742	9,141	-	-	2.28	31,070
2015	영등포구	167,863	417,811	210,388	207,423	378,504	189,394	189,110	39,307	20,994	18,313	-	-	2.25	51,481
2015	동작구	170,495	412,774	202,165	210,609	400,641	196,463	204,178	12,133	5,702	6,431	-	-	2.35	53,610
2015	관악구	249,191	529,031	266,773	262,258	509,663	257,491	252,172	19,368	9,282	10,086	-	-	2.05	64,985
2015	서초구	173,007	451,258	217,036	234,222	446,764	214,737	232,027	4,494	2,299	2,195	-	-	2.58	49,280
2015	강남구	237,373	581,760	279,209	302,551	576,495	276,425	300,070	5,265	2,784	2,481	-	-	2.43	60,330
2015	송파구	256,611	667,480	325,950	341,530	660,302	322,441	337,861	7,178	3,509	3,669	-	-	2.57	68,292
2015	강동구	180,508	463,321	230,851	232,470	458,658	228,709	229,949	4,663	2,142	2,521	-	-	2.54	51,935
2016	합계	4,189,839	10,204,057	5,007,379	5,196,678	9,930,616	4,876,789	5,053,827	273,441	130,590	142,851	-	-	2.37	1,300,877
2016	종로구	72,118	161,922	79,322	82,600	152,737	75,201	77,536	9,185	4,121	5,064	-	-	2.12	25,091
2016	중구	59,651	134,409	66,452	67,957	125,249	62,204	63,045	9,160	4,248	4,912	-	-	2.1	20,606
2016	용산구	106,607	245,102	119,636	125,466	230,241	111,601	118,640	14,861	8,035	6,826	-	-	2.16	35,915
2016	성동구	128,727	307,161	152,006	155,155	299,259	148,326	150,933	7,902	3,680	4,222	-	-	2.32	39,262
2016	광진구	158,390	372,104	181,251	190,853	357,215	174,797	182,418	14,889	6,454	8,435	-	-	2.26	41,441
2016	동대문구	159,426	370,312	183,444	186,868	355,069	177,640	177,429	15,243	5,804	9,439	-	-	2.23	53,460
2016	중랑구	177,400	415,677	206,772	208,905	411,005	204,900	206,105	4,672	1,872	2,800	-	-	2.32	55,914
2016	성북구	188,304	461,617	224,504	237,113	450,355	219,951	230,404	11,262	4,553	6,709	-	-	2.39	64,015
2016	강북구	141,229	330,704	162,211	168,493	327,195	160,861	166,334	3,509	1,350	2,159	-	-	2.32	54,053
2016	도봉구	136,898	350,272	172,006	178,266	348,220	171,238	176,982	2,052	768	1,284	-	-	2.54	50,510
2016	노원구	219,736	571,212	277,866	293,346	567,581	276,333	291,248	3,631	1,533	2,098	-	-	2.58	70,887
2016	은평구	201,891	495,937	241,048	254,889	491,476	239,183	252,293	4,461	1,865	2,596	-	-	2.43	71,457
2016	서대문구	136,766	325,871	156,597	169,274	314,194	152,510	161,684	11,677	4,087	7,590	-	-	2.3	47,653
2016	마포구	169,432	390,887	186,668	204,219	379,892	182,162	197,730	10,995	4,506	6,489	-	-	2.24	48,303
2016	양천구	177,434	481,845	238,163	243,682	477,739	236,290	241,449	4,106	1,873	2,233	-	-	2.69	52,063
2016	강서구	245,045	602,104	293,734	308,370	595,485	290,478	305,007	6,619	3,256	3,363	-	-	2.43	71,062
2016	구로구	172,220	449,600	225,411	224,189	417,551	207,667	209,884	32,049	17,744	14,305	-	-	2.42	55,705
2016	금천구	104,483	254,654	130,429	124,225	235,386	119,885	115,501	19,268	10,544	8,724	-	-	2.25	32,279
2016	영등포구	165,729	406,779	204,712	202,067	370,613	185,200	185,413	36,166	19,512	16,654	-	-	2.24	51,844
2016	동작구	172,506	413,247	201,842	211,405	400,997	196,267	204,730	12,250	5,575	6,675	-	-	2.32	55,231
2016	관악구	251,955	525,607	265,034	260,573	506,851	256,143	250,708	18,756	8,891	9,865	-	-	2.01	66,952
2016	서초구	173,970	451,477	216,886	234,591	447,192	214,673	232,519	4,285	2,213	2,072	-	-	2.57	50,984
2016	강남구	234,080	572,140	274,217	297,923	567,115	271,604	295,511	5,025	2,613	2,412	-	-	2.42	61,931
2016	송파구	258,382	664,946	324,087	340,859	657,831	320,557	337,274	7,115	3,530	3,585	-	-	2.55	71,064
2016	강동구	177,460	448,471	223,081	225,390	444,168	221,118	223,050	4,303	1,963	2,340	-	-	2.5	53,195
2017	합계	4,220,082	10,124,579	4,957,857	5,166,722	9,857,426	4,830,206	5,027,220	267,153	127,651	139,502	-	-	2.34	1,365,126
2017	종로구	73,594	164,257	80,094	84,163	154,770	75,967	78,803	9,487	4,127	5,360	-	-	2.1	26,182
2017	중구	60,412	134,593	66,337	68,256	125,709	62,253	63,456	8,884	4,084	4,800	-	-	2.08	21,384
2017	용산구	107,666	244,444	119,423	125,021	229,161	110,878	118,283	15,283	8,545	6,738	-	-	2.13	36,882
2017	성동구	132,902	312,711	154,077	158,634	304,808	150,368	154,440	7,903	3,709	4,194	-	-	2.29	41,273
2017	광진구	160,798	372,298	180,645	191,653	357,703	174,414	183,289	14,595	6,231	8,364	-	-	2.22	43,953
2017	동대문구	159,938	366,011	181,185	184,826	350,647	175,324	175,323	15,364	5,861	9,503	-	-	2.19	55,718
2017	중랑구	179,132	412,780	205,125	207,655	408,226	203,325	204,901	4,554	1,800	2,754	-	-	2.28	59,262
2017	성북구	187,112	455,407	221,103	234,304	444,055	216,556	227,499	11,352	4,547	6,805	-	-	2.37	66,251
2017	강북구	142,533	328,002	160,252	167,750	324,479	158,918	165,561	3,523	1,334	2,189	-	-	2.28	56,530
2017	도봉구	137,378	346,234	169,553	176,681	344,166	168,759	175,407	2,068	794	1,274	-	-	2.51	53,488
2017	노원구	217,619	558,075	271,025	287,050	554,403	269,508	284,895	3,672	1,517	2,155	-	-	2.55	74,243
2017	은평구	202,839	491,202	238,223	252,979	486,794	236,353	250,441	4,408	1,870	2,538	-	-	2.4	74,559
2017	서대문구	137,266	325,028	155,250	169,778	312,800	151,144	161,656	12,228	4,106	8,122	-	-	2.28	49,266
2017	마포구	169,408	385,783	183,248	202,535	374,915	178,939	195,976	10,868	4,309	6,559	-	-	2.21	49,615
2017	양천구	176,649	475,018	234,279	240,739	471,154	232,518	238,636	3,864	1,761	2,103	-	-	2.67	55,234
2017	강서구	254,257	608,255	296,175	312,080	601,691	292,989	308,702	6,564	3,186	3,378	-	-	2.37	76,032
2017	구로구	171,570	441,559	221,386	220,173	410,742	204,003	206,739	30,817	17,383	13,434	-	-	2.39	58,794
2017	금천구	106,066	253,491	129,775	123,716	235,154	119,497	115,657	18,337	10,278	8,059	-	-	2.22	34,170
2017	영등포구	167,355	402,024	202,400	199,624	368,550	183,975	184,575	33,474	18,425	15,049	-	-	2.2	53,981
2017	동작구	172,995	408,493	198,827	209,666	396,217	193,255	202,962	12,276	5,572	6,704	-	-	2.29	57,255
2017	관악구	255,352	520,929	262,006	258,923	503,297	253,661	249,636	17,632	8,345	9,287	-	-	1.97	70,046
2017	서초구	173,594	445,401	213,422	231,979	441,102	211,236	229,866	4,299	2,186	2,113	-	-	2.54	53,205
2017	강남구	231,612	561,052	268,941	292,111	556,164	266,442	289,722	4,888	2,499	2,389	-	-	2.4	65,060
2017	송파구	264,628	671,173	326,407	344,766	664,496	323,147	341,349	6,677	3,260	3,417	-	-	2.51	76,582
2017	강동구	177,407	440,359	218,699	221,660	436,223	216,777	219,446	4,136	1,922	2,214	-	-	2.46	56,161
2018	합계	4,263,868	10,049,607	4,910,849	5,138,758	9,765,623	4,773,899	4,991,724	283,984	136,950	147,034	-	-	2.29	1,416,131
2018	종로구	73,735	163,026	79,156	83,870	153,065	74,825	78,240	9,961	4,331	5,630	-	-	2.08	26,742
2018	중구	61,502	135,633	66,674	68,959	125,725	61,947	63,778	9,908	4,727	5,181	-	-	2.04	22,005
2018	용산구	108,974	245,090	119,766	125,324	228,999	110,640	118,359	16,091	9,126	6,965	-	-	2.1	37,640
2018	성동구	137,209	316,463	155,091	161,372	308,221	151,359	156,862	8,242	3,732	4,510	-	-	2.25	42,767
2018	광진구	162,606	371,063	179,527	191,536	355,559	172,794	182,765	15,504	6,733	8,771	-	-	2.19	45,619
2018	동대문구	161,820	364,338	179,774	184,564	348,052	173,567	174,485	16,286	6,207	10,079	-	-	2.15	57,165
2018	중랑구	180,511	408,147	202,448	205,699	403,209	200,419	202,790	4,938	2,029	2,909	-	-	2.23	61,830
2018	성북구	186,601	447,687	216,495	231,192	435,868	211,904	223,964	11,819	4,591	7,228	-	-	2.34	67,782
2018	강북구	143,395	322,915	157,522	165,393	319,164	156,071	163,093	3,751	1,451	2,300	-	-	2.23	58,196
2018	도봉구	138,087	341,649	167,043	174,606	339,413	166,160	173,253	2,236	883	1,353	-	-	2.46	55,964
2018	노원구	217,655	548,160	265,870	282,290	543,752	263,919	279,833	4,408	1,951	2,457	-	-	2.5	77,096
2018	은평구	205,001	487,666	235,600	252,066	483,197	233,702	249,495	4,469	1,898	2,571	-	-	2.36	77,420
2018	서대문구	138,549	323,080	153,816	169,264	310,313	149,569	160,744	12,767	4,247	8,520	-	-	2.24	50,456
2018	마포구	172,505	386,359	182,573	203,786	375,077	178,240	196,837	11,282	4,333	6,949	-	-	2.17	50,833
2018	양천구	176,498	468,145	230,457	237,688	464,185	228,634	235,551	3,960	1,823	2,137	-	-	2.63	58,045
2018	강서구	258,503	603,611	293,289	310,322	596,949	290,079	306,870	6,662	3,210	3,452	-	-	2.31	79,660
2018	구로구	172,457	438,486	219,949	218,537	404,497	200,417	204,080	33,989	19,532	14,457	-	-	2.35	61,801
2018	금천구	107,971	254,021	130,398	123,623	233,917	118,915	115,002	20,104	11,483	8,621	-	-	2.17	35,739
2018	영등포구	171,085	403,600	203,319	200,281	367,778	183,224	184,554	35,822	20,095	15,727	-	-	2.15	55,673
2018	동작구	177,176	409,385	198,458	210,927	396,203	192,533	203,670	13,182	5,925	7,257	-	-	2.24	59,479
2018	관악구	262,222	520,040	260,742	259,298	501,957	252,160	249,797	18,083	8,582	9,501	-	-	1.91	72,249
2018	서초구	172,918	438,163	209,977	228,186	433,951	207,868	226,083	4,212	2,109	2,103	-	-	2.51	54,751
2018	강남구	228,775	547,453	262,203	285,250	542,364	259,611	282,753	5,089	2,592	2,497	-	-	2.37	67,085
2018	송파구	270,866	673,507	326,849	346,658	666,635	323,526	343,109	6,872	3,323	3,549	-	-	2.46	81,364
2018	강동구	177,247	431,920	213,853	218,067	427,573	211,816	215,757	4,347	2,037	2,310	-	-	2.41	58,770
2019	합계	4,327,605	10,010,983	4,877,725	5,133,258	9,729,107	4,744,059	4,985,048	281,876	133,666	148,210	-	-	2.25	1,485,272
2019	종로구	73,947	161,869	78,215	83,654	151,290	73,746	77,544	10,579	4,469	6,110	-	-	2.05	27,519
2019	중구	62,739	136,488	66,823	69,665	126,171	61,910	64,261	10,317	4,913	5,404	-	-	2.01	23,275
2019	용산구	110,126	245,185	119,599	125,586	228,670	110,356	118,314	16,515	9,243	7,272	-	-	2.08	38,791
2019	성동구	135,838	308,979	150,861	158,118	300,889	147,273	153,616	8,090	3,588	4,502	-	-	2.22	43,947
2019	광진구	164,428	366,972	176,917	190,055	351,350	170,262	181,088	15,622	6,655	8,967	-	-	2.14	47,902
2019	동대문구	164,191	363,023	178,490	184,533	346,194	172,113	174,081	16,829	6,377	10,452	-	-	2.11	59,350
2019	중랑구	181,579	402,024	199,006	203,018	397,015	196,959	200,056	5,009	2,047	2,962	-	-	2.19	65,164
2019	성북구	192,592	454,744	219,099	235,645	442,650	214,437	228,213	12,094	4,662	7,432	-	-	2.3	70,850
2019	강북구	144,277	317,695	154,638	163,057	313,954	153,235	160,719	3,741	1,403	2,338	-	-	2.18	60,577
2019	도봉구	138,508	335,631	163,961	171,670	333,362	163,051	170,311	2,269	910	1,359	-	-	2.41	58,714
2019	노원구	216,966	537,303	259,810	277,493	532,905	257,923	274,982	4,398	1,887	2,511	-	-	2.46	80,923
2019	은평구	207,681	484,546	233,360	251,186	480,032	231,528	248,504	4,514	1,832	2,682	-	-	2.31	80,738
2019	서대문구	140,157	323,171	153,215	169,956	309,397	148,663	160,734	13,774	4,552	9,222	-	-	2.21	52,074
2019	마포구	175,023	385,925	181,303	204,622	374,035	176,891	197,144	11,890	4,412	7,478	-	-	2.14	52,429
2019	양천구	177,256	462,285	227,019	235,266	458,165	225,186	232,979	4,120	1,833	2,287	-	-	2.58	61,264
2019	강서구	262,708	598,273	289,691	308,582	591,796	286,563	305,233	6,477	3,128	3,349	-	-	2.25	84,077
2019	구로구	176,568	439,371	219,602	219,769	406,664	200,987	205,677	32,707	18,615	14,092	-	-	2.3	65,779
2019	금천구	110,622	251,820	128,954	122,866	232,810	118,209	114,601	19,010	10,745	8,265	-	-	2.1	37,660
2019	영등포구	174,806	400,986	200,986	200,000	367,678	182,438	185,240	33,308	18,548	14,760	-	-	2.1	57,872
2019	동작구	180,753	408,912	197,706	211,206	395,963	191,976	203,987	12,949	5,730	7,219	-	-	2.19	62,226
2019	관악구	268,559	517,334	259,194	258,140	500,094	251,009	249,085	17,240	8,185	9,055	-	-	1.86	75,194
2019	서초구	173,199	435,107	208,181	226,926	430,826	206,039	224,787	4,281	2,142	2,139	-	-	2.49	57,136
2019	강남구	232,981	550,209	263,345	286,864	545,169	260,806	284,363	5,040	2,539	2,501	-	-	2.34	71,025
2019	송파구	278,711	682,741	330,412	352,329	675,961	327,164	348,797	6,780	3,248	3,532	-	-	2.43	87,334
2019	강동구	183,390	440,390	217,338	223,052	436,067	215,335	220,732	4,323	2,003	2,320	-	-	2.38	63,452
2020	합계	4,417,954	9,911,088	4,816,522	5,094,566	9,668,465	4,701,723	4,966,742	242,623	114,799	127,824	-	-	2.19	1,568,331
2020	종로구	75,003	158,996	76,876	82,120	149,384	72,635	76,749	9,612	4,241	5,371	-	-	1.99	28,507
2020	중구	63,686	134,635	65,776	68,859	125,240	61,222	64,018	9,395	4,554	4,841	-	-	1.97	24,495
2020	용산구	113,093	244,645	118,835	125,810	230,040	110,722	119,318	14,605	8,113	6,492	-	-	2.03	40,247
2020	성동구	135,870	300,505	146,424	154,081	293,556	143,387	150,169	6,949	3,037	3,912	-	-	2.16	45,603
2020	광진구	167,427	360,109	173,000	187,109	346,682	167,310	179,372	13,427	5,690	7,737	-	-	2.07	50,560
2020	동대문구	167,598	357,014	175,322	181,692	342,837	169,769	173,068	14,177	5,553	8,624	-	-	2.05	61,796
2020	중랑구	185,920	399,562	197,118	202,444	394,702	195,165	199,537	4,860	1,953	2,907	-	-	2.12	69,447
2020	성북구	195,396	447,056	214,658	232,398	437,153	210,810	226,343	9,903	3,848	6,055	-	-	2.24	73,770
2020	강북구	145,896	311,569	151,466	160,103	308,055	150,143	157,912	3,514	1,323	2,191	-	-	2.11	63,422
2020	도봉구	139,114	327,361	159,420	167,941	325,257	158,620	166,637	2,104	800	1,304	-	-	2.34	62,059
2020	노원구	218,270	527,032	254,188	272,844	523,037	252,383	270,654	3,995	1,805	2,190	-	-	2.4	85,489
2020	은평구	213,914	484,043	231,998	252,045	479,835	230,279	249,556	4,208	1,719	2,489	-	-	2.24	85,187
2020	서대문구	144,838	322,952	153,152	169,800	312,173	149,360	162,813	10,779	3,792	6,987	-	-	2.16	54,204
2020	마포구	178,482	381,858	178,977	202,881	371,890	175,150	196,740	9,968	3,827	6,141	-	-	2.08	54,331
2020	양천구	180,633	457,781	224,379	233,402	454,251	222,824	231,427	3,530	1,555	1,975	-	-	2.51	65,670
2020	강서구	266,982	585,901	282,686	303,215	580,185	280,034	300,151	5,716	2,652	3,064	-	-	2.17	88,984
2020	구로구	180,531	432,488	215,424	217,064	404,408	199,673	204,735	28,080	15,751	12,329	-	-	2.24	70,198
2020	금천구	114,715	247,835	126,141	121,694	231,733	117,226	114,507	16,102	8,915	7,187	-	-	2.02	39,842
2020	영등포구	184,714	407,367	202,969	204,398	379,480	187,647	191,833	27,887	15,322	12,565	-	-	2.05	61,688
2020	동작구	184,229	401,572	193,718	207,854	391,220	189,152	202,068	10,352	4,566	5,786	-	-	2.12	65,190
2020	관악구	274,811	509,803	255,211	254,592	495,060	248,339	246,721	14,743	6,872	7,871	-	-	1.8	78,875
2020	서초구	173,502	429,025	205,282	223,743	425,126	203,359	221,767	3,899	1,923	1,976	-	-	2.45	60,169
2020	강남구	234,872	544,055	260,378	283,677	539,231	257,999	281,232	4,824	2,379	2,445	-	-	2.3	75,096
2020	송파구	281,959	673,926	325,080	348,846	667,960	322,299	345,661	5,966	2,781	3,185	-	-	2.37	93,483
2020	강동구	196,499	463,998	228,044	235,954	459,970	226,216	233,754	4,028	1,828	2,200	-	-	2.34	70,019